#Coverage	Number of genomic locations
0.0	2814774.0
1.0	7847102.0
2.0	6278492.0
3.0	7060707.0
4.0	7950669.0
5.0	8640585.0
6.0	9207233.0
7.0	9225650.0
8.0	9142401.0
9.0	9980980.0
10.0	1.1569995E7
11.0	1.3553561E7
12.0	1.6844899E7
13.0	2.1573991E7
14.0	2.7872466E7
15.0	3.6282554E7
16.0	4.7395978E7
17.0	6.2038067E7
18.0	7.9381751E7
19.0	1.00115509E8
20.0	1.22499963E8
21.0	1.45879313E8
22.0	1.67857825E8
23.0	1.88643252E8
24.0	2.04625717E8
25.0	2.13550226E8
26.0	2.16227889E8
27.0	2.1253864E8
28.0	2.01521429E8
29.0	1.86311018E8
30.0	1.66511954E8
31.0	1.44805994E8
32.0	1.22094735E8
33.0	1.00440479E8
34.0	8.0622398E7
35.0	6.3191756E7
36.0	4.7788338E7
37.0	3.5372267E7
38.0	2.5888409E7
39.0	1.8370216E7
40.0	1.2958516E7
41.0	9053704.0
42.0	6225351.0
43.0	4202008.0
44.0	2826678.0
45.0	1967263.0
46.0	1353975.0
47.0	1016496.0
48.0	770046.0
49.0	663836.0
50.0	538052.0
51.0	481277.0
52.0	437576.0
53.0	419765.0
54.0	404216.0
55.0	427045.0
56.0	395665.0
57.0	372489.0
58.0	363362.0
59.0	378270.0
60.0	374235.0
61.0	339254.0
62.0	327481.0
63.0	325497.0
64.0	312300.0
65.0	302138.0
66.0	307581.0
67.0	294199.0
68.0	302000.0
69.0	306635.0
70.0	296584.0
71.0	286879.0
72.0	287774.0
73.0	282482.0
74.0	271511.0
75.0	251733.0
76.0	261284.0
77.0	235763.0
78.0	229633.0
79.0	243942.0
80.0	234676.0
81.0	232407.0
82.0	236321.0
83.0	238047.0
84.0	218880.0
85.0	230739.0
86.0	223967.0
87.0	211183.0
88.0	210651.0
89.0	210554.0
90.0	210610.0
91.0	208459.0
92.0	218950.0
93.0	196360.0
94.0	194042.0
95.0	193955.0
96.0	197125.0
97.0	192564.0
98.0	193959.0
99.0	190764.0
100.0	176288.0
101.0	174182.0
102.0	175025.0
103.0	177232.0
104.0	171047.0
105.0	158223.0
106.0	161737.0
107.0	167602.0
108.0	153409.0
109.0	156781.0
110.0	149746.0
111.0	158077.0
112.0	158051.0
113.0	146248.0
114.0	147047.0
115.0	145906.0
116.0	144302.0
117.0	141991.0
118.0	136392.0
119.0	130488.0
120.0	122515.0
121.0	125062.0
122.0	126508.0
123.0	122778.0
124.0	127253.0
125.0	118715.0
126.0	125210.0
127.0	120248.0
128.0	112376.0
129.0	114104.0
130.0	113814.0
131.0	117471.0
132.0	119659.0
133.0	126101.0
134.0	122210.0
135.0	110633.0
136.0	109309.0
137.0	105934.0
138.0	107755.0
139.0	99804.0
140.0	105592.0
141.0	109619.0
142.0	99121.0
143.0	94281.0
144.0	95149.0
145.0	90094.0
146.0	85242.0
147.0	88142.0
148.0	87163.0
149.0	84642.0
150.0	78231.0
151.0	84210.0
152.0	84189.0
153.0	84281.0
154.0	93242.0
155.0	90101.0
156.0	87457.0
157.0	82617.0
158.0	82224.0
159.0	79184.0
160.0	81259.0
161.0	77753.0
162.0	73261.0
163.0	72478.0
164.0	70556.0
165.0	72724.0
166.0	67979.0
167.0	65946.0
168.0	62991.0
169.0	63096.0
170.0	63498.0
171.0	62827.0
172.0	60104.0
173.0	62592.0
174.0	63647.0
175.0	66978.0
176.0	65483.0
177.0	65421.0
178.0	65040.0
179.0	67169.0
180.0	61760.0
181.0	60978.0
182.0	61107.0
183.0	59347.0
184.0	59166.0
185.0	59267.0
186.0	57086.0
187.0	53665.0
188.0	56447.0
189.0	53656.0
190.0	58907.0
191.0	60667.0
192.0	62244.0
193.0	60630.0
194.0	63622.0
195.0	59398.0
196.0	54118.0
197.0	55012.0
198.0	51676.0
199.0	54480.0
200.0	51827.0
201.0	49033.0
202.0	51608.0
203.0	51410.0
204.0	50956.0
205.0	48450.0
206.0	49498.0
207.0	47945.0
208.0	45498.0
209.0	42819.0
210.0	45755.0
211.0	48505.0
212.0	46628.0
213.0	48871.0
214.0	45612.0
215.0	44098.0
216.0	46337.0
217.0	43530.0
218.0	45129.0
219.0	42816.0
220.0	43840.0
221.0	43365.0
222.0	42327.0
223.0	43597.0
224.0	47870.0
225.0	47137.0
226.0	48119.0
227.0	46044.0
228.0	48666.0
229.0	46968.0
230.0	47055.0
231.0	41395.0
232.0	37762.0
233.0	41107.0
234.0	40625.0
235.0	40669.0
236.0	38445.0
237.0	40458.0
238.0	42568.0
239.0	36964.0
240.0	36207.0
241.0	34322.0
242.0	35955.0
243.0	34586.0
244.0	34208.0
245.0	35940.0
246.0	32957.0
247.0	34877.0
248.0	33201.0
249.0	31868.0
250.0	32885.0
251.0	34280.0
252.0	30938.0
253.0	29794.0
254.0	29139.0
255.0	30801.0
256.0	29139.0
257.0	28034.0
258.0	33935.0
259.0	28771.0
260.0	27292.0
261.0	26839.0
262.0	25893.0
263.0	26999.0
264.0	26121.0
265.0	24553.0
266.0	26370.0
267.0	29611.0
268.0	28597.0
269.0	23229.0
270.0	22105.0
271.0	24697.0
272.0	26230.0
273.0	25523.0
274.0	25925.0
275.0	26262.0
276.0	22048.0
277.0	24929.0
278.0	22873.0
279.0	24033.0
280.0	20381.0
281.0	21849.0
282.0	21051.0
283.0	19928.0
284.0	21112.0
285.0	23532.0
286.0	23527.0
287.0	22759.0
288.0	22279.0
289.0	21821.0
290.0	20877.0
291.0	19553.0
292.0	20958.0
293.0	20828.0
294.0	21763.0
295.0	20824.0
296.0	19767.0
297.0	18688.0
298.0	21427.0
299.0	20124.0
300.0	19888.0
301.0	22423.0
302.0	17815.0
303.0	17714.0
304.0	18090.0
305.0	20342.0
306.0	19577.0
307.0	22448.0
308.0	20197.0
309.0	19363.0
310.0	17446.0
311.0	15670.0
312.0	14842.0
313.0	13626.0
314.0	14036.0
315.0	13910.0
316.0	13332.0
317.0	14057.0
318.0	15356.0
319.0	16341.0
320.0	15929.0
321.0	14931.0
322.0	13978.0
323.0	14931.0
324.0	15180.0
325.0	15072.0
326.0	13451.0
327.0	13145.0
328.0	13097.0
329.0	12763.0
330.0	16223.0
331.0	13193.0
332.0	15243.0
333.0	13782.0
334.0	14778.0
335.0	14744.0
336.0	13498.0
337.0	14467.0
338.0	13691.0
339.0	13463.0
340.0	12578.0
341.0	11199.0
342.0	11245.0
343.0	10942.0
344.0	10444.0
345.0	11245.0
346.0	9985.0
347.0	9187.0
348.0	9685.0
349.0	10791.0
350.0	10772.0
351.0	11025.0
352.0	11653.0
353.0	9773.0
354.0	10341.0
355.0	11838.0
356.0	11628.0
357.0	12236.0
358.0	10408.0
359.0	10844.0
360.0	9778.0
361.0	9947.0
362.0	10158.0
363.0	8784.0
364.0	9181.0
365.0	8989.0
366.0	7994.0
367.0	9743.0
368.0	9439.0
369.0	8810.0
370.0	8144.0
371.0	9471.0
372.0	9254.0
373.0	8465.0
374.0	7384.0
375.0	6919.0
376.0	7675.0
377.0	6358.0
378.0	7033.0
379.0	6454.0
380.0	7048.0
381.0	6218.0
382.0	7084.0
383.0	7878.0
384.0	8385.0
385.0	8729.0
386.0	9683.0
387.0	8126.0
388.0	8201.0
389.0	8814.0
390.0	8616.0
391.0	6774.0
392.0	7020.0
393.0	7168.0
394.0	7903.0
395.0	7138.0
396.0	7233.0
397.0	6707.0
398.0	7434.0
399.0	7482.0
400.0	7333.0
401.0	7109.0
402.0	7823.0
403.0	7161.0
404.0	8302.0
405.0	7773.0
406.0	7748.0
407.0	7147.0
408.0	7376.0
409.0	7350.0
410.0	7376.0
411.0	6985.0
412.0	6026.0
413.0	6544.0
414.0	6577.0
415.0	6631.0
416.0	6520.0
417.0	7213.0
418.0	7726.0
419.0	7704.0
420.0	8024.0
421.0	6331.0
422.0	6434.0
423.0	5073.0
424.0	6266.0
425.0	5308.0
426.0	4793.0
427.0	4587.0
428.0	4484.0
429.0	5880.0
430.0	4919.0
431.0	5483.0
432.0	4844.0
433.0	4551.0
434.0	4868.0
435.0	5998.0
436.0	4562.0
437.0	3956.0
438.0	3531.0
439.0	3978.0
440.0	4645.0
441.0	4668.0
442.0	4488.0
443.0	5271.0
444.0	5164.0
445.0	4302.0
446.0	4606.0
447.0	4340.0
448.0	4619.0
449.0	5937.0
450.0	4994.0
451.0	4962.0
452.0	5140.0
453.0	4303.0
454.0	4564.0
455.0	5037.0
456.0	3461.0
457.0	4014.0
458.0	3242.0
459.0	3605.0
460.0	3199.0
461.0	3237.0
462.0	3596.0
463.0	3503.0
464.0	3341.0
465.0	4004.0
466.0	3315.0
467.0	3527.0
468.0	3646.0
469.0	5689.0
470.0	4067.0
471.0	3162.0
472.0	3547.0
473.0	3799.0
474.0	4277.0
475.0	5075.0
476.0	4985.0
477.0	4259.0
478.0	3269.0
479.0	3315.0
480.0	3596.0
481.0	3804.0
482.0	3278.0
483.0	3336.0
484.0	3479.0
485.0	3396.0
486.0	3803.0
487.0	4202.0
488.0	4662.0
489.0	3813.0
490.0	4366.0
491.0	3588.0
492.0	3716.0
493.0	3630.0
494.0	3569.0
495.0	4193.0
496.0	3038.0
497.0	2365.0
498.0	3239.0
499.0	4111.0
500.0	3256.0
501.0	2861.0
502.0	4522.0
503.0	4002.0
504.0	3829.0
505.0	3106.0
506.0	2941.0
507.0	3416.0
508.0	3050.0
509.0	3100.0
510.0	2741.0
511.0	2302.0
512.0	2435.0
513.0	2838.0
514.0	2716.0
515.0	2309.0
516.0	2349.0
517.0	2542.0
518.0	2208.0
519.0	2327.0
520.0	2375.0
521.0	2305.0
522.0	2923.0
523.0	2577.0
524.0	3102.0
525.0	2961.0
526.0	2911.0
527.0	3252.0
528.0	2568.0
529.0	2208.0
530.0	1752.0
531.0	1800.0
532.0	1940.0
533.0	1457.0
534.0	1740.0
535.0	1590.0
536.0	2088.0
537.0	2166.0
538.0	2932.0
539.0	2971.0
540.0	2848.0
541.0	2511.0
542.0	2773.0
543.0	2532.0
544.0	2272.0
545.0	2889.0
546.0	2773.0
547.0	3739.0
548.0	3016.0
549.0	3121.0
550.0	2449.0
551.0	1833.0
552.0	1134.0
553.0	1034.0
554.0	1267.0
555.0	1940.0
556.0	1638.0
557.0	1398.0
558.0	1087.0
559.0	1343.0
560.0	1223.0
561.0	1510.0
562.0	1394.0
563.0	1303.0
564.0	1707.0
565.0	1929.0
566.0	1910.0
567.0	2104.0
568.0	1805.0
569.0	1719.0
570.0	1371.0
571.0	1607.0
572.0	1571.0
573.0	1279.0
574.0	1013.0
575.0	1341.0
576.0	964.0
577.0	1365.0
578.0	1170.0
579.0	1147.0
580.0	1182.0
581.0	802.0
582.0	1035.0
583.0	1017.0
584.0	921.0
585.0	1031.0
586.0	1008.0
587.0	782.0
588.0	903.0
589.0	939.0
590.0	1045.0
591.0	702.0
592.0	757.0
593.0	805.0
594.0	761.0
595.0	799.0
596.0	683.0
597.0	693.0
598.0	1076.0
599.0	1013.0
600.0	1228.0
601.0	962.0
602.0	738.0
603.0	760.0
604.0	1013.0
605.0	1010.0
606.0	1183.0
607.0	1180.0
608.0	1053.0
609.0	1039.0
610.0	1096.0
611.0	1045.0
612.0	930.0
613.0	855.0
614.0	915.0
615.0	745.0
616.0	1086.0
617.0	749.0
618.0	705.0
619.0	663.0
620.0	1046.0
621.0	1020.0
622.0	1214.0
623.0	1065.0
624.0	983.0
625.0	1133.0
626.0	1008.0
627.0	1203.0
628.0	1219.0
629.0	860.0
630.0	1075.0
631.0	1189.0
632.0	1143.0
633.0	1153.0
634.0	915.0
635.0	981.0
636.0	1119.0
637.0	1331.0
638.0	1505.0
639.0	1196.0
640.0	1312.0
641.0	1060.0
642.0	1148.0
643.0	1201.0
644.0	1245.0
645.0	692.0
646.0	814.0
647.0	1079.0
648.0	907.0
649.0	1255.0
650.0	1062.0
651.0	1208.0
652.0	1115.0
653.0	1265.0
654.0	1085.0
655.0	1289.0
656.0	1350.0
657.0	1097.0
658.0	1299.0
659.0	1106.0
660.0	540.0
661.0	675.0
662.0	725.0
663.0	550.0
664.0	560.0
665.0	478.0
666.0	693.0
667.0	822.0
668.0	651.0
669.0	632.0
670.0	780.0
671.0	773.0
672.0	638.0
673.0	976.0
674.0	596.0
675.0	750.0
676.0	867.0
677.0	660.0
678.0	761.0
679.0	1079.0
680.0	1047.0
681.0	783.0
682.0	932.0
683.0	792.0
684.0	752.0
685.0	1006.0
686.0	1055.0
687.0	839.0
688.0	1044.0
689.0	1206.0
690.0	1240.0
691.0	1337.0
692.0	1329.0
693.0	903.0
694.0	849.0
695.0	1016.0
696.0	1136.0
697.0	1382.0
698.0	1271.0
699.0	1486.0
700.0	1393.0
701.0	991.0
702.0	1075.0
703.0	1300.0
704.0	1025.0
705.0	839.0
706.0	753.0
707.0	813.0
708.0	1259.0
709.0	1028.0
710.0	818.0
711.0	830.0
712.0	668.0
713.0	536.0
714.0	506.0
715.0	260.0
716.0	192.0
717.0	260.0
718.0	245.0
719.0	434.0
720.0	429.0
721.0	320.0
722.0	330.0
723.0	366.0
724.0	301.0
725.0	256.0
726.0	368.0
727.0	493.0
728.0	364.0
729.0	505.0
730.0	422.0
731.0	299.0
732.0	403.0
733.0	496.0
734.0	538.0
735.0	652.0
736.0	505.0
737.0	415.0
738.0	392.0
739.0	210.0
740.0	288.0
741.0	378.0
742.0	465.0
743.0	647.0
744.0	670.0
745.0	871.0
746.0	1349.0
747.0	704.0
748.0	668.0
749.0	337.0
750.0	321.0
751.0	276.0
752.0	356.0
753.0	545.0
754.0	760.0
755.0	628.0
756.0	692.0
757.0	834.0
758.0	1034.0
759.0	747.0
760.0	424.0
761.0	522.0
762.0	798.0
763.0	889.0
764.0	747.0
765.0	417.0
766.0	290.0
767.0	242.0
768.0	261.0
769.0	282.0
770.0	213.0
771.0	219.0
772.0	193.0
773.0	211.0
774.0	138.0
775.0	188.0
776.0	185.0
777.0	226.0
778.0	288.0
779.0	195.0
780.0	211.0
781.0	213.0
782.0	264.0
783.0	319.0
784.0	268.0
785.0	195.0
786.0	166.0
787.0	290.0
788.0	150.0
789.0	206.0
790.0	214.0
791.0	368.0
792.0	308.0
793.0	234.0
794.0	196.0
795.0	310.0
796.0	209.0
797.0	206.0
798.0	205.0
799.0	252.0
800.0	272.0
801.0	278.0
802.0	192.0
803.0	205.0
804.0	267.0
805.0	261.0
806.0	328.0
807.0	308.0
808.0	224.0
809.0	276.0
810.0	175.0
811.0	269.0
812.0	276.0
813.0	197.0
814.0	269.0
815.0	196.0
816.0	262.0
817.0	208.0
818.0	160.0
819.0	247.0
820.0	287.0
821.0	347.0
822.0	381.0
823.0	263.0
824.0	292.0
825.0	423.0
826.0	245.0
827.0	308.0
828.0	243.0
829.0	227.0
830.0	285.0
831.0	173.0
832.0	238.0
833.0	259.0
834.0	220.0
835.0	413.0
836.0	382.0
837.0	304.0
838.0	337.0
839.0	290.0
840.0	325.0
841.0	268.0
842.0	262.0
843.0	158.0
844.0	243.0
845.0	389.0
846.0	306.0
847.0	323.0
848.0	347.0
849.0	314.0
850.0	248.0
851.0	190.0
852.0	206.0
853.0	156.0
854.0	259.0
855.0	271.0
856.0	351.0
857.0	415.0
858.0	301.0
859.0	370.0
860.0	227.0
861.0	232.0
862.0	348.0
863.0	280.0
864.0	225.0
865.0	206.0
866.0	217.0
867.0	239.0
868.0	292.0
869.0	411.0
870.0	441.0
871.0	616.0
872.0	301.0
873.0	280.0
874.0	496.0
875.0	329.0
876.0	260.0
877.0	312.0
878.0	322.0
879.0	356.0
880.0	534.0
881.0	310.0
882.0	296.0
883.0	244.0
884.0	366.0
885.0	698.0
886.0	606.0
887.0	352.0
888.0	491.0
889.0	345.0
890.0	929.0
891.0	211.0
892.0	208.0
893.0	160.0
894.0	156.0
895.0	168.0
896.0	134.0
897.0	138.0
898.0	127.0
899.0	168.0
900.0	158.0
901.0	80.0
902.0	84.0
903.0	99.0
904.0	151.0
905.0	160.0
906.0	131.0
907.0	172.0
908.0	123.0
909.0	133.0
910.0	63.0
911.0	176.0
912.0	123.0
913.0	177.0
914.0	162.0
915.0	119.0
916.0	174.0
917.0	235.0
918.0	124.0
919.0	153.0
920.0	244.0
921.0	172.0
922.0	180.0
923.0	226.0
924.0	163.0
925.0	126.0
926.0	239.0
927.0	317.0
928.0	284.0
929.0	292.0
930.0	282.0
931.0	317.0
932.0	138.0
933.0	108.0
934.0	180.0
935.0	148.0
936.0	114.0
937.0	241.0
938.0	262.0
939.0	280.0
940.0	133.0
941.0	124.0
942.0	178.0
943.0	170.0
944.0	188.0
945.0	174.0
946.0	49.0
947.0	49.0
948.0	61.0
949.0	77.0
950.0	150.0
951.0	104.0
952.0	99.0
953.0	60.0
954.0	70.0
955.0	76.0
956.0	71.0
957.0	59.0
958.0	104.0
959.0	79.0
960.0	92.0
961.0	146.0
962.0	82.0
963.0	126.0
964.0	102.0
965.0	72.0
966.0	83.0
967.0	92.0
968.0	112.0
969.0	89.0
970.0	213.0
971.0	74.0
972.0	72.0
973.0	61.0
974.0	53.0
975.0	115.0
976.0	63.0
977.0	104.0
978.0	75.0
979.0	65.0
980.0	58.0
981.0	40.0
982.0	105.0
983.0	134.0
984.0	76.0
985.0	86.0
986.0	124.0
987.0	49.0
988.0	127.0
989.0	68.0
990.0	66.0
991.0	66.0
992.0	64.0
993.0	43.0
994.0	69.0
995.0	105.0
996.0	133.0
997.0	88.0
998.0	147.0
999.0	79.0
1000.0	82.0
1001.0	105.0
1002.0	71.0
1003.0	115.0
1004.0	105.0
1005.0	171.0
1006.0	136.0
1007.0	105.0
1008.0	150.0
1009.0	149.0
1010.0	132.0
1011.0	167.0
1012.0	138.0
1013.0	93.0
1014.0	65.0
1015.0	90.0
1016.0	60.0
1017.0	107.0
1018.0	141.0
1019.0	116.0
1020.0	45.0
1021.0	79.0
1022.0	111.0
1023.0	119.0
1024.0	116.0
1025.0	98.0
1026.0	103.0
1027.0	146.0
1028.0	70.0
1029.0	47.0
1030.0	75.0
1031.0	69.0
1032.0	88.0
1033.0	128.0
1034.0	166.0
1035.0	80.0
1036.0	178.0
1037.0	342.0
1038.0	71.0
1039.0	88.0
1040.0	159.0
1041.0	157.0
1042.0	70.0
1043.0	80.0
1044.0	36.0
1045.0	82.0
1046.0	155.0
1047.0	96.0
1048.0	172.0
1049.0	295.0
1050.0	150.0
1051.0	55.0
1052.0	128.0
1053.0	104.0
1054.0	65.0
1055.0	107.0
1056.0	86.0
1057.0	103.0
1058.0	74.0
1059.0	111.0
1060.0	184.0
1061.0	334.0
1062.0	130.0
1063.0	125.0
1064.0	17.0
1065.0	58.0
1066.0	78.0
1067.0	92.0
1068.0	55.0
1069.0	89.0
1070.0	64.0
1071.0	54.0
1072.0	39.0
1073.0	35.0
1074.0	46.0
1075.0	27.0
1076.0	80.0
1077.0	44.0
1078.0	34.0
1079.0	34.0
1080.0	47.0
1081.0	44.0
1082.0	51.0
1083.0	102.0
1084.0	15.0
1085.0	51.0
1086.0	18.0
1087.0	41.0
1088.0	44.0
1089.0	49.0
1090.0	58.0
1091.0	63.0
1092.0	38.0
1093.0	35.0
1094.0	37.0
1095.0	33.0
1096.0	34.0
1097.0	35.0
1098.0	52.0
1099.0	27.0
1100.0	45.0
1101.0	17.0
1102.0	31.0
1103.0	110.0
1104.0	56.0
1105.0	30.0
1106.0	22.0
1107.0	110.0
1108.0	80.0
1109.0	93.0
1110.0	36.0
1111.0	48.0
1112.0	50.0
1113.0	51.0
1114.0	16.0
1115.0	39.0
1116.0	52.0
1117.0	84.0
1118.0	46.0
1119.0	58.0
1120.0	31.0
1121.0	49.0
1122.0	44.0
1123.0	53.0
1124.0	67.0
1125.0	29.0
1126.0	55.0
1127.0	66.0
1128.0	79.0
1129.0	37.0
1130.0	20.0
1131.0	29.0
1132.0	38.0
1133.0	43.0
1134.0	19.0
1135.0	32.0
1136.0	72.0
1137.0	34.0
1138.0	52.0
1139.0	63.0
1140.0	73.0
1141.0	51.0
1142.0	51.0
1143.0	26.0
1144.0	65.0
1145.0	57.0
1146.0	34.0
1147.0	34.0
1148.0	20.0
1149.0	45.0
1150.0	37.0
1151.0	87.0
1152.0	31.0
1153.0	39.0
1154.0	21.0
1155.0	40.0
1156.0	49.0
1157.0	17.0
1158.0	39.0
1159.0	70.0
1160.0	29.0
1161.0	38.0
1162.0	46.0
1163.0	25.0
1164.0	32.0
1165.0	60.0
1166.0	49.0
1167.0	42.0
1168.0	23.0
1169.0	18.0
1170.0	54.0
1171.0	92.0
1172.0	38.0
1173.0	114.0
1174.0	37.0
1175.0	34.0
1176.0	21.0
1177.0	21.0
1178.0	36.0
1179.0	41.0
1180.0	44.0
1181.0	74.0
1182.0	53.0
1183.0	31.0
1184.0	51.0
1185.0	23.0
1186.0	46.0
1187.0	54.0
1188.0	74.0
1189.0	46.0
1190.0	39.0
1191.0	39.0
1192.0	59.0
1193.0	64.0
1194.0	36.0
1195.0	86.0
1196.0	18.0
1197.0	63.0
1198.0	39.0
1199.0	54.0
1200.0	47.0
1201.0	81.0
1202.0	38.0
1203.0	32.0
1204.0	42.0
1205.0	30.0
1206.0	60.0
1207.0	45.0
1208.0	71.0
1209.0	81.0
1210.0	142.0
1211.0	108.0
1212.0	94.0
1213.0	64.0
1214.0	86.0
1215.0	31.0
1216.0	74.0
1217.0	50.0
1218.0	41.0
1219.0	110.0
1220.0	41.0
1221.0	65.0
1222.0	49.0
1223.0	42.0
1224.0	37.0
1225.0	39.0
1226.0	33.0
1227.0	94.0
1228.0	113.0
1229.0	25.0
1230.0	74.0
1231.0	63.0
1232.0	93.0
1233.0	129.0
1234.0	43.0
1235.0	50.0
1236.0	111.0
1237.0	56.0
1238.0	66.0
1239.0	39.0
1240.0	18.0
1241.0	29.0
1242.0	65.0
1243.0	45.0
1244.0	23.0
1245.0	21.0
1246.0	29.0
1247.0	60.0
1248.0	41.0
1249.0	58.0
1250.0	45.0
1251.0	61.0
1252.0	46.0
1253.0	79.0
1254.0	101.0
1255.0	38.0
1256.0	103.0
1257.0	73.0
1258.0	146.0
1259.0	61.0
1260.0	126.0
1261.0	66.0
1262.0	189.0
1263.0	165.0
1264.0	47.0
1265.0	45.0
1266.0	135.0
1267.0	175.0
1268.0	78.0
1269.0	94.0
1270.0	74.0
1271.0	73.0
1272.0	120.0
1273.0	84.0
1274.0	37.0
1275.0	72.0
1276.0	166.0
1277.0	240.0
1278.0	154.0
1279.0	74.0
1280.0	45.0
1281.0	99.0
1282.0	119.0
1283.0	171.0
1284.0	122.0
1285.0	96.0
1286.0	103.0
1287.0	77.0
1288.0	103.0
1289.0	101.0
1290.0	128.0
1291.0	150.0
1292.0	189.0
1293.0	49.0
1294.0	66.0
1295.0	15.0
1296.0	33.0
1297.0	11.0
1298.0	16.0
1299.0	8.0
1300.0	26.0
1301.0	28.0
1302.0	19.0
1303.0	4.0
1304.0	10.0
1305.0	12.0
1306.0	4.0
1307.0	20.0
1308.0	9.0
1309.0	11.0
1310.0	23.0
1311.0	22.0
1312.0	24.0
1313.0	7.0
1314.0	8.0
1315.0	11.0
1316.0	10.0
1317.0	7.0
1318.0	29.0
1319.0	41.0
1320.0	12.0
1321.0	7.0
1322.0	25.0
1323.0	17.0
1324.0	28.0
1325.0	14.0
1326.0	31.0
1327.0	14.0
1328.0	12.0
1329.0	19.0
1330.0	12.0
1331.0	4.0
1332.0	7.0
1333.0	5.0
1334.0	15.0
1335.0	4.0
1336.0	6.0
1337.0	19.0
1338.0	17.0
1339.0	20.0
1340.0	12.0
1341.0	18.0
1342.0	19.0
1343.0	7.0
1344.0	6.0
1345.0	15.0
1346.0	28.0
1347.0	9.0
1348.0	19.0
1349.0	11.0
1350.0	14.0
1351.0	2.0
1352.0	10.0
1353.0	25.0
1354.0	14.0
1355.0	5.0
1356.0	12.0
1357.0	38.0
1358.0	23.0
1359.0	35.0
1360.0	20.0
1361.0	17.0
1362.0	7.0
1363.0	6.0
1364.0	17.0
1365.0	26.0
1366.0	17.0
1367.0	8.0
1368.0	9.0
1369.0	14.0
1370.0	14.0
1371.0	9.0
1372.0	17.0
1373.0	3.0
1374.0	13.0
1375.0	11.0
1376.0	5.0
1377.0	20.0
1378.0	22.0
1379.0	8.0
1380.0	19.0
1381.0	23.0
1382.0	24.0
1383.0	21.0
1384.0	12.0
1385.0	8.0
1386.0	3.0
1387.0	10.0
1388.0	3.0
1389.0	12.0
1390.0	10.0
1391.0	14.0
1392.0	9.0
1393.0	11.0
1394.0	21.0
1395.0	6.0
1396.0	25.0
1397.0	16.0
1398.0	6.0
1399.0	9.0
1400.0	12.0
1401.0	20.0
1402.0	10.0
1403.0	17.0
1404.0	20.0
1405.0	13.0
1406.0	32.0
1407.0	25.0
1408.0	17.0
1409.0	4.0
1410.0	25.0
1411.0	23.0
1412.0	10.0
1413.0	6.0
1414.0	16.0
1415.0	16.0
1416.0	36.0
1417.0	10.0
1418.0	17.0
1419.0	34.0
1420.0	14.0
1421.0	12.0
1422.0	7.0
1423.0	5.0
1424.0	17.0
1425.0	9.0
1426.0	4.0
1427.0	5.0
1428.0	17.0
1429.0	35.0
1430.0	23.0
1431.0	5.0
1432.0	8.0
1433.0	23.0
1434.0	18.0
1435.0	8.0
1436.0	15.0
1437.0	31.0
1438.0	18.0
1439.0	18.0
1440.0	13.0
1441.0	27.0
1442.0	19.0
1443.0	22.0
1444.0	15.0
1445.0	4.0
1446.0	19.0
1447.0	12.0
1448.0	13.0
1449.0	17.0
1450.0	14.0
1451.0	15.0
1452.0	7.0
1453.0	16.0
1454.0	11.0
1455.0	2.0
1456.0	10.0
1457.0	55.0
1458.0	38.0
1459.0	16.0
1460.0	12.0
1461.0	5.0
1462.0	24.0
1463.0	9.0
1464.0	12.0
1465.0	19.0
1466.0	8.0
1467.0	45.0
1468.0	27.0
1469.0	26.0
1470.0	23.0
1471.0	14.0
1472.0	25.0
1473.0	41.0
1474.0	23.0
1475.0	38.0
1476.0	33.0
1477.0	13.0
1478.0	16.0
1479.0	34.0
1480.0	11.0
1481.0	14.0
1482.0	14.0
1483.0	11.0
1484.0	4.0
1485.0	18.0
1486.0	29.0
1487.0	7.0
1488.0	22.0
1489.0	34.0
1490.0	16.0
1491.0	20.0
1492.0	23.0
1493.0	31.0
1494.0	38.0
1495.0	5.0
1496.0	25.0
1497.0	7.0
1498.0	14.0
1499.0	10.0
1500.0	27.0
1501.0	18.0
1502.0	29.0
1503.0	27.0
1504.0	20.0
1505.0	37.0
1506.0	12.0
1507.0	5.0
1508.0	12.0
1509.0	13.0
1510.0	14.0
1511.0	52.0
1512.0	10.0
1513.0	13.0
1514.0	31.0
1515.0	25.0
1516.0	23.0
1517.0	19.0
1518.0	32.0
1519.0	12.0
1520.0	15.0
1521.0	36.0
1522.0	16.0
1523.0	27.0
1524.0	27.0
1525.0	32.0
1526.0	57.0
1527.0	21.0
1528.0	25.0
1529.0	23.0
1530.0	44.0
1531.0	26.0
1532.0	6.0
1533.0	11.0
1534.0	18.0
1535.0	31.0
1536.0	31.0
1537.0	24.0
1538.0	33.0
1539.0	26.0
1540.0	20.0
1541.0	33.0
1542.0	21.0
1543.0	20.0
1544.0	41.0
1545.0	37.0
1546.0	27.0
1547.0	51.0
1548.0	9.0
1549.0	8.0
1550.0	23.0
1551.0	10.0
1552.0	20.0
1553.0	15.0
1554.0	25.0
1555.0	22.0
1556.0	15.0
1557.0	28.0
1558.0	28.0
1559.0	14.0
1560.0	16.0
1561.0	29.0
1562.0	9.0
1563.0	8.0
1564.0	24.0
1565.0	18.0
1566.0	22.0
1567.0	29.0
1568.0	2.0
1569.0	7.0
1570.0	20.0
1571.0	19.0
1572.0	6.0
1573.0	19.0
1574.0	18.0
1575.0	12.0
1576.0	17.0
1577.0	26.0
1578.0	53.0
1579.0	44.0
1580.0	53.0
1581.0	83.0
1582.0	23.0
1583.0	20.0
1584.0	59.0
1585.0	23.0
1586.0	19.0
1587.0	10.0
1588.0	13.0
1589.0	20.0
1590.0	27.0
1591.0	43.0
1592.0	22.0
1593.0	10.0
1594.0	11.0
1595.0	13.0
1596.0	47.0
1597.0	44.0
1598.0	29.0
1599.0	11.0
1600.0	10.0
1601.0	18.0
1602.0	30.0
1603.0	16.0
1604.0	24.0
1605.0	14.0
1606.0	16.0
1607.0	27.0
1608.0	25.0
1609.0	18.0
1610.0	18.0
1611.0	35.0
1612.0	53.0
1613.0	50.0
1614.0	32.0
1615.0	20.0
1616.0	18.0
1617.0	20.0
1618.0	47.0
1619.0	75.0
1620.0	24.0
1621.0	7.0
1622.0	25.0
1623.0	11.0
1624.0	20.0
1625.0	24.0
1626.0	25.0
1627.0	10.0
1628.0	15.0
1629.0	19.0
1630.0	59.0
1631.0	37.0
1632.0	48.0
1633.0	18.0
1634.0	8.0
1635.0	22.0
1636.0	9.0
1637.0	8.0
1638.0	49.0
1639.0	33.0
1640.0	26.0
1641.0	29.0
1642.0	18.0
1643.0	30.0
1644.0	41.0
1645.0	37.0
1646.0	27.0
1647.0	51.0
1648.0	57.0
1649.0	98.0
1650.0	33.0
1651.0	19.0
1652.0	27.0
1653.0	36.0
1654.0	14.0
1655.0	14.0
1656.0	22.0
1657.0	30.0
1658.0	42.0
1659.0	26.0
1660.0	26.0
1661.0	49.0
1662.0	31.0
1663.0	76.0
1664.0	15.0
1665.0	12.0
1666.0	28.0
1667.0	45.0
1668.0	22.0
1669.0	19.0
1670.0	30.0
1671.0	17.0
1672.0	41.0
1673.0	21.0
1674.0	18.0
1675.0	17.0
1676.0	28.0
1677.0	18.0
1678.0	20.0
1679.0	13.0
1680.0	15.0
1681.0	48.0
1682.0	29.0
1683.0	27.0
1684.0	28.0
1685.0	24.0
1686.0	15.0
1687.0	21.0
1688.0	22.0
1689.0	12.0
1690.0	77.0
1691.0	45.0
1692.0	10.0
1693.0	43.0
1694.0	7.0
1695.0	14.0
1696.0	36.0
1697.0	57.0
1698.0	18.0
1699.0	53.0
1700.0	23.0
1701.0	11.0
1702.0	38.0
1703.0	47.0
1704.0	39.0
1705.0	23.0
1706.0	45.0
1707.0	44.0
1708.0	88.0
1709.0	12.0
1710.0	69.0
1711.0	61.0
1712.0	20.0
1713.0	34.0
1714.0	18.0
1715.0	24.0
1716.0	36.0
1717.0	24.0
1718.0	46.0
1719.0	56.0
1720.0	19.0
1721.0	36.0
1722.0	75.0
1723.0	20.0
1724.0	27.0
1725.0	27.0
1726.0	18.0
1727.0	45.0
1728.0	27.0
1729.0	8.0
1730.0	16.0
1731.0	15.0
1732.0	24.0
1733.0	10.0
1734.0	9.0
1735.0	14.0
1736.0	45.0
1737.0	25.0
1738.0	25.0
1739.0	42.0
1740.0	24.0
1741.0	29.0
1742.0	25.0
1743.0	37.0
1744.0	14.0
1745.0	38.0
1746.0	25.0
1747.0	8.0
1748.0	43.0
1749.0	36.0
1750.0	27.0
1751.0	22.0
1752.0	83.0
1753.0	73.0
1754.0	11.0
1755.0	44.0
1756.0	7.0
1757.0	19.0
1758.0	20.0
1759.0	25.0
1760.0	63.0
1761.0	71.0
1762.0	60.0
1763.0	35.0
1764.0	93.0
1765.0	24.0
1766.0	68.0
1767.0	66.0
1768.0	35.0
1769.0	33.0
1770.0	125.0
1771.0	49.0
1772.0	22.0
1773.0	28.0
1774.0	19.0
1775.0	41.0
1776.0	23.0
1777.0	18.0
1778.0	35.0
1779.0	12.0
1780.0	15.0
1781.0	23.0
1782.0	18.0
1783.0	28.0
1784.0	41.0
1785.0	24.0
1786.0	28.0
1787.0	6.0
1788.0	24.0
1789.0	14.0
1790.0	36.0
1791.0	17.0
1792.0	37.0
1793.0	67.0
1794.0	42.0
1795.0	51.0
1796.0	44.0
1797.0	14.0
1798.0	27.0
1799.0	80.0
1800.0	91.0
1801.0	66.0
1802.0	113.0
1803.0	30.0
1804.0	31.0
1805.0	29.0
1806.0	34.0
1807.0	47.0
1808.0	40.0
1809.0	80.0
1810.0	60.0
1811.0	61.0
1812.0	26.0
1813.0	90.0
