#Position (bp)	mapping quality
4037644.0	59.45423771239208
1.2112931E7	33.43074131250984
2.0188218E7	56.95057333814737
2.8263505E7	55.03279948704759
3.6338792E7	59.56068770849371
4.4414079E7	59.40335366432859
5.2489366E7	58.220131860790595
6.0564653E7	58.32741455303645
6.863994E7	57.664487808249156
7.6715227E7	59.63731977996884
8.4790514E7	59.91279444329301
9.2865801E7	59.27159402647471
1.00941088E8	59.89087527781686
1.09016375E8	59.86058661054555
1.17091662E8	59.296149058653235
1.25166949E8	59.901592403405886
1.33242236E8	59.91097537367938
1.41317523E8	59.92683816566823
1.4939281E8	59.90402827955347
1.57468097E8	59.865254965222164
1.65543384E8	59.8799791961819
1.73618671E8	59.899132762358875
1.81693958E8	59.89591886384117
1.89769245E8	59.88143827388104
1.97844532E8	59.76218650612221
2.05919819E8	58.191901628784045
2.13995106E8	58.15646671822108
2.22070393E8	59.828448744545696
2.3014568E8	59.57663296505326
2.38220967E8	59.53194468565501
2.46296254E8	59.46764905109347
2.54371541E8	59.72166358415205
2.62446828E8	55.672359380430954
2.70522115E8	58.373588335918825
2.78597402E8	59.58090004894731
2.86672689E8	59.084626502219024
2.94747976E8	59.59619603898644
3.02823263E8	58.45198013650476
3.1089855E8	59.1484291010664
3.18973837E8	59.26376806286588
3.27049124E8	58.73949437000111
3.35124411E8	59.85394083408453
3.43199698E8	58.784518017718945
3.51274985E8	59.46076238186194
3.59350272E8	59.56082460942741
3.67425559E8	59.28516953784252
3.75500846E8	58.52473358838458
3.83576133E8	57.757333670010446
3.9165142E8	59.47326367173058
3.99726707E8	59.257823218068495
4.07801994E8	59.064444252729174
4.15877281E8	57.139604169965075
4.23952568E8	54.34955452028503
4.32027855E8	59.229340515271176
4.40103142E8	58.7680973863004
4.48178429E8	51.56638577182752
4.56253716E8	57.979980930447695
4.64329003E8	59.38895797305623
4.7240429E8	57.853621973756454
4.79961952E8	58.30395203942588
4.839995955E8	0.07445437556124881
4.88554864E8	44.11190351346305
4.96630151E8	58.025673595570474
5.04705438E8	58.60984581336653
5.12780725E8	56.0762880381805
5.20856012E8	39.948080501604906
5.28931299E8	1.6511629082551271
5.37006586E8	0.6860975407688736
5.45081873E8	3.1386190857667233
5.5315716E8	57.79101971161405
5.61232447E8	58.87493854328736
5.69307734E8	59.0193949188173
5.77383021E8	59.46511228434132
5.85458308E8	58.37584222319597
5.93533595E8	59.141585693924156
6.01608882E8	58.773442060965905
6.09684169E8	58.985667513585724
6.17759456E8	58.88472458971533
6.25834743E8	59.549389322304684
6.3391003E8	59.694847507198276
6.41985317E8	57.212611456581214
6.490989775E8	58.57561045139436
6.53136621E8	56.56288428841619
6.58135891E8	57.5563701067232
6.66211178E8	48.68414899350042
6.74286465E8	57.17454688521514
6.82361752E8	58.54493382690347
6.90437039E8	58.047739662235045
6.98512326E8	58.484669465862325
7.06587613E8	44.70497568355525
7.146629E8	25.817320870109
7.22738187E8	34.37881438435969
7.30813474E8	58.300514292662164
7.38888761E8	49.81825781832446
7.46964048E8	58.140153703095834
7.55039335E8	56.77205554939061
7.63114622E8	58.882054024061055
7.71189909E8	59.78572187488724
7.79265196E8	58.48685313134439
7.87340483E8	59.588302451034885
7.9541577E8	59.08061937374445
8.03491057E8	30.079052607066636
8.11566344E8	9.65477144932251
8.19641631E8	12.431602049773444
8.27716918E8	58.58066800354631
8.35792205E8	49.22812657342021
8.43867492E8	50.09232915537888
8.51942779E8	53.299135437040476
8.60018066E8	53.14328559029473
8.68093353E8	54.37321126951772
8.7616864E8	59.865092934487805
8.84243927E8	58.77187236324008
8.92319214E8	59.52055791993096
9.00394501E8	59.72130610830955
9.08469788E8	59.77299024306184
9.16545075E8	59.30959262833816
9.24620362E8	59.06406289900036
9.32695649E8	59.429914443680666
9.40770936E8	58.953578634884956
9.48846223E8	57.53917046101981
9.5692151E8	58.338089161801754
9.64996797E8	44.354299220717095
9.73072084E8	7.708826796056262
9.81147371E8	45.25405029087532
9.89222658E8	57.52213517883543
9.97297945E8	58.17781577628253
1.005373232E9	58.753385610458984
1.013448519E9	51.554910391380815
1.021523806E9	47.53591031503935
1.029599093E9	57.16843295928938
1.03767438E9	56.93027255612917
1.045749667E9	58.6698605740759
1.053824954E9	56.2282761255042
1.061900241E9	53.56904740924454
1.069975528E9	15.58620492198705
1.078050815E9	51.17208523210618
1.086126102E9	57.09233051782291
1.094201389E9	58.56939345854427
1.102276676E9	58.3434700726757
1.110351963E9	59.52174158419237
1.1166108755E9	57.2701963115153
1.120648519E9	59.30972596491309
1.126502537E9	57.97887725149989
1.134577824E9	58.888619715988526
1.142653111E9	56.61286664911159
1.150728398E9	58.89565496840501
1.158803685E9	59.08082998409347
1.166878972E9	58.97923420805889
1.174954259E9	54.784457906518846
1.183029546E9	59.21406825877264
1.191104833E9	59.09161358248206
1.19918012E9	58.99855825675882
1.207255407E9	58.22212367761232
1.215330694E9	56.72303031757191
1.223405981E9	54.68590907037724
1.231481268E9	55.40523344513323
1.239556555E9	56.17532045996819
1.247631842E9	59.03445154924101
1.255707129E9	58.02776479615871
1.263782416E9	58.02384642189683
1.271857703E9	58.31953485337733
1.27993299E9	56.4493431170353
1.288008277E9	34.28424896875815
1.296083564E9	52.05104387411487
1.304158851E9	58.72232988937712
1.312234138E9	58.38601199588732
1.320309425E9	54.891345606088755
1.328384712E9	58.63428847566914
1.336459999E9	57.35636823779487
1.344535286E9	56.27637860378104
1.352610573E9	58.858623016567556
1.36068586E9	51.822146850692754
1.368761147E9	59.35757478052255
1.376836434E9	59.32267943909972
1.384911721E9	59.14059956865056
1.392987008E9	59.86142810466639
1.401062295E9	59.77203603511987
1.409137582E9	59.79806588552236
1.417212869E9	59.823522603912814
1.425288156E9	59.246463347983614
1.433363443E9	59.75683331819215
1.4383520115E9	54.91470503254049
1.441065418E9	0.2950808808567824
1.4434024995E9	59.07546521724426
1.4442895865E9	30.247354718258446
1.444913117E9	9.218192014256353
1.445350267E9	32.5978144131156
1.445654932E9	24.08128372847569
1.4460931365E9	2.675486564399216
1.4465982825E9	37.17298442126484
1.447080158E9	59.95420006227873
1.4475167665E9	57.742164373913695
1.447907069E9	17.041571328779238
1.4482862265E9	8.163454551967364
1.4486515345E9	41.58930079889331
1.449001605E9	58.49518983504686
1.449343901E9	55.94878021993404
1.4496668465E9	57.63402777578333
1.449974313E9	2.5138687486955704
1.4502684415E9	48.495968223941134
1.450540361E9	46.79188767926243
1.450801367E9	43.782538509455236
1.451059176E9	13.939423694791255
1.451307661E9	30.335338567197425
1.451547714E9	59.52255464773816
1.451784517E9	2.540725065731961
1.452015901E9	35.289250845704544
1.452241601E9	53.85261615461869
1.4524656315E9	30.764072968453657
1.4526889625E9	0.603003280011564
1.452904683E9	1.6044803345779468
1.4531132205E9	2.6583053869013407
1.4533199045E9	12.981360081043617
1.4534870705E9	32.99361193843883
1.45358841E9	46.722894950982294
1.4537245535E9	8.17923051126854
1.4539149625E9	1.1094219798010947
1.4540967415E9	7.814591902818473
1.4542765095E9	0.7718572373209934
1.454453896E9	35.763918864640516
1.454627853E9	11.331157126643097
1.454793793E9	2.362776926539576
1.454954221E9	4.782829551853803
1.455113722E9	0.8600767210159643
1.4552707885E9	0.40337883216117365
1.4554260495E9	49.723319868295505
1.455579934E9	7.995039734090552
1.4557323775E9	0.17093082816629973
1.4558840695E9	25.819298053794007
1.4560335785E9	0.2722636061356486
1.4561805565E9	7.488106717542393
1.456323842E9	0.6418476315072071
1.4564639545E9	0.30083879643777756
1.4566031245E9	0.42009960905216565
1.4567407675E9	0.6512929180740921
1.456877058E9	0.12427447188587193
1.457012944E9	2.65451967754748
1.4571458465E9	40.531303823437426
1.45727575E9	0.1358394873611689
1.45740535E9	0.38721333425849
1.4575345845E9	49.88321390640204
1.4576628165E9	0.6045838954849929
1.457789841E9	1.1267911123570844
1.457916243E9	0.2953944745988757
1.4580424135E9	12.477085648065183
1.458166698E9	0.38873178383216134
1.4582888625E9	46.84520039593401
1.4584101875E9	1.6729665737095503
1.458530464E9	30.711301314823583
1.4586499655E9	2.0868065923778127
1.458768974E9	0.8377583088258989
1.4588873735E9	49.427838165910764
1.459003077E9	7.089122218183058
1.459116151E9	0.13436992913301982
1.4592278825E9	2.6110561279826463
1.4593384345E9	0.4931711748976969
1.45944875E9	6.385102594670872
1.4595583745E9	55.2150486987603
1.459667337E9	16.52612874073742
1.4597759645E9	0.06286209632959032
1.4598837445E9	0.5168834859003502
1.459990724E9	51.41410278192267
1.460095789E9	0.22296204485141413
1.4601989665E9	0.6426246713595115
1.460301645E9	0.7075762731355784
1.460403974E9	1.5083300967542181
1.4605052115E9	0.6399367719562971
1.460605256E9	0.9443246491569162
1.4607050395E9	4.780537228805054
1.4608042615E9	0.6866859350913347
1.4609024215E9	0.17434195009999762
1.4609995645E9	1.6646751748015503
1.461096222E9	0.39346814034803845
1.461192295E9	0.34834623119173874
1.461287789E9	1.757009375550551
1.4613815225E9	0.1510191039989713
1.461473124E9	2.156003911044833
1.4615641115E9	57.262853236403934
1.461618228E9	0.1309869481515772
1.461663227E9	0.47625622885491814
1.461744501E9	0.8129965178386029
1.461834469E9	0.12871387350986885
1.461924136E9	0.14406057601669675
1.462013262E9	3.5977593148413978
1.4621018715E9	17.7696879178048
1.462190052E9	0.9611647942919288
1.462278088E9	7.230764836553974
1.4623660525E9	0.03820819995891896
1.462453646E9	0.5023789899229143
1.4625403745E9	22.313303162882278
1.462626589E9	22.717540901586617
1.4627127045E9	0.26671844332564953
1.4627981565E9	0.1982405939426002
1.4628827705E9	0.2899835044156797
1.462966956E9	0.42372052908820557
1.4630510115E9	53.0625125898556
1.463134927E9	51.64383478113263
1.463218774E9	2.6278433819807323
1.4633023375E9	0.1003439412736764
1.46338548E9	0.2647780778050667
1.463468142E9	0.16076566479788273
1.4635504135E9	1.1926766701097855
1.4636325945E9	0.03715130550531154
1.463714703E9	0.7962418904200407
1.463796391E9	11.932451683035659
1.463877603E9	1.307361520334132
1.46395871E9	1.8154339211867634
1.4640394975E9	0.009934412530978884
1.464119782E9	0.46850705926899805
1.4641998145E9	12.182739298382245
1.464279823E9	32.94421662348889
1.464359729E9	0.45194403786932025
1.4644394325E9	0.019467457879247856
1.4645190265E9	0.9222236452571235
1.4645981735E9	0.1353927688271435
1.464676805E9	0.36832493871215644
1.4647552865E9	2.1038968940140967
1.464833581E9	0.3198772429975933
1.464911704E9	1.3685312102904275
1.464989731E9	0.09079514483738173
1.465067448E9	0.0055152627331565285
1.465144729E9	0.5215906741602314
1.4652216595E9	0.05455555267964424
1.4652981775E9	0.06750969853747636
1.4653743825E9	0.0
1.4654503885E9	4.050291144286954
1.465526243E9	2.7761186313928956
1.4656015175E9	0.24813635934286876
1.4656759405E9	0.10951189787953668
1.4657496E9	0.8967839946218018
1.4658225005E9	0.5671419714040309
1.465895043E9	0.5578635616901865
1.4659675185E9	1.0247637779437009
1.466039805E9	0.20822453010310218
1.4661117355E9	0.2612870081096938
1.4661832985E9	0.0570060613688717
1.466254626E9	0.5978663097952333
1.4663257255E9	0.15313779898475746
1.466396518E9	0.04512436495719926
1.4664671285E9	0.21668201663131686
1.4665376735E9	0.39217032989660155
1.4666082055E9	0.027958811080489563
1.466678705E9	0.46174715503638
1.466748923E9	0.3907755108461602
1.466818757E9	0.14965509713742078
1.4668883745E9	1.9939300656602919
1.466957778E9	0.5690151719715125
1.467027038E9	4.146373532717873
1.4670962625E9	1.1358322453275989
1.467165214E9	0.8170410564345916
1.467233775E9	0.2385022343788026
1.4673021245E9	0.28833897404262115
1.4673703545E9	0.8579139605838717
1.4674383995E9	0.8755276111509902
1.4675062585E9	0.8070211719170437
1.4675739715E9	1.201264798766895
1.4676414985E9	0.03323024105786744
1.467708901E9	1.874673458069842
1.467776213E9	0.4447881331780744
1.46784344E9	0.5829579602946234
1.467910435E9	0.34535084648784486
1.4679771755E9	0.11681906971744585
1.468043677E9	38.360674483025186
1.4681099365E9	0.396379699767086
1.4681760955E9	0.2897570480604191
1.46824219E9	0.5964205901833066
1.4683081735E9	0.014301120487357969
1.4683740325E9	0.7320269453594518
1.468439794E9	0.9158249862381899
1.46850528E9	0.6855905936924287
1.468570459E9	0.478570394167142
1.468635518E9	1.9937882831766958
1.4687005415E9	0.2983220677615952
1.4687655415E9	0.8286282638598277
1.4688305115E9	2.468978370856461
1.4688954335E9	0.47015753420106704
1.4689603E9	0.0125329087361334
1.4690251405E9	0.3407638348147542
1.4690899665E9	0.0035120788297606257
1.469154765E9	0.004057214184608047
1.4692194505E9	0.16010711052033366
1.469283971E9	0.08679038374595764
1.469348378E9	1.3064324759749166
1.469412738E9	0.11241217355790684
1.4694770555E9	0.22751421589897006
1.469541331E9	0.20610332884678845
1.4696055825E9	0.0
1.46966977E9	0.04517093474081715
1.4697020375E9	1.3199329983249581
1.4697340785E9	1.1570819229580824
1.469797862E9	0.1751416094945559
1.4698617325E9	0.7995661895186925
1.4699255605E9	0.29813789331011015
1.469989333E9	0.011175385470918238
1.4700530585E9	0.6445142808255029
1.4701167525E9	0.01873720713514677
1.470180317E9	1.9598349299677293
1.470243755E9	0.723518199801953
1.470307189E9	0.43851121527824083
1.470370611E9	0.5832528476674742
1.4704339855E9	0.0269947243493504
1.470496952E9	0.6318767855244892
1.4705595045E9	0.4968560015437199
1.4706219125E9	25.527670067559516
1.4706842135E9	0.2983892576654315
1.4707465085E9	0.8828997824184792
1.47080879E9	0.62974383949787
1.4708710415E9	1.5679066644067943
1.4709332695E9	0.3025366227146586
1.47099544E9	0.12555835474180788
1.471057448E9	0.2472130021553622
1.471119294E9	0.0311169642256831
1.4711810885E9	0.7450427081723117
1.4712428095E9	0.0
1.4713044435E9	0.4424083531929963
1.47136602E9	0.8239512579674663
1.4714275425E9	0.3655510571170374
1.471489006E9	0.42614827097401137
1.4715503865E9	58.817308938471506
1.471611813E9	31.135318024850665
1.4716731615E9	0.0
1.471734327E9	1.5666413722158425
1.471795384E9	2.3354025941933543
1.4718563315E9	0.4856123430600179
1.471917239E9	1.08068066217896
1.471978021E9	0.11682989198437305
1.472038683E9	0.37057236087500967
1.472099319E9	2.696007944299931
1.4721598115E9	0.027018884210905758
1.4722201535E9	11.076159562610847
1.472280467E9	0.6364289826250302
1.4723407465E9	0.8391790680222757
1.4724009875E9	0.42970503152429224
1.4724610955E9	0.13227265211507497
1.4725209245E9	0.5158130180336622
1.472580588E9	0.41624798667172613
1.4726402365E9	0.6655969114657743
1.472699851E9	0.5298027702135137
1.47275942E9	0.7955382533080847
1.4728189415E9	0.1302192098674971
1.472878416E9	0.05987166942930374
1.472937864E9	0.2166967098826774
1.4729972445E9	1.4673370564043162
1.4730564195E9	0.5253756155183626
1.4731153915E9	2.031403668948032
1.4731742925E9	16.848406190250323
1.4732331755E9	0.24472976988864473
1.473292052E9	0.13125211999443112
1.4733508975E9	3.399447833767369
1.4734096785E9	0.655721622580366
1.473468219E9	0.7816377979232755
1.473526531E9	0.5893866330393257
1.47358478E9	0.8106096547122482
1.473642965E9	39.04809796578215
1.473701115E9	1.4455177313463496
1.473759187E9	0.7994577793687307
1.4738171525E9	0.49110650675379525
1.473875072E9	0.10850930519884365
1.4739329595E9	5.312532164769908
1.473990813E9	0.8365863866377506
1.474048623E9	0.14578593067855475
1.4741063875E9	29.989737386350335
1.4741640615E9	0.6038506209747962
1.474221656E9	0.8374118388326739
1.4742792405E9	1.7213289332872037
1.474336723E9	1.7280628934170592
1.4743940615E9	0.3420494300185519
1.4744512915E9	0.6087505199870913
1.4745084605E9	0.4118693617869587
1.4745656245E9	0.36557684671252444
1.4746227515E9	0.7963751805036574
1.4746798415E9	0.23479717968904812
1.474736922E9	0.675841045016828
1.4747939775E9	1.043887143311873
1.474850926E9	0.18334730181629696
1.4749077785E9	0.38898780191154014
1.4749645815E9	0.10708959753073576
1.4750213375E9	0.23027337940475387
1.475078085E9	0.2682010700395743
1.475134825E9	0.5453750586071502
1.475191526E9	0.4000904723398183
1.475248184E9	1.4693431205702843
1.475304785E9	0.37306611883710944
1.475361331E9	0.36254231750519916
1.475417846E9	0.4457345271321696
1.4754743335E9	0.0
1.475530812E9	0.4884192930402125
1.475587265E9	0.6869644092256955
1.475643675E9	0.22955295895853053
1.475700015E9	0.5519222245719136
1.4757562905E9	0.726735175056843
1.475812363E9	0.5476187202508717
1.475868203E9	0.25279627196191323
1.475923985E9	0.521161465452056
1.475979756E9	0.5038396288200993
1.4760355205E9	1.0119659245597856
1.4760912475E9	0.6478388734420606
1.4761469345E9	1.1382754466974503
1.476202504E9	0.75789241240948
1.476257941E9	5.151277017543014
1.4763133535E9	0.4783287269103316
1.476368758E9	0.801204524310826
1.476424068E9	0.2663672858812798
1.4764792465E9	0.198427201662649
1.4765343335E9	1.0215399039024962
1.476589309E9	0.38533125008125985
1.4766441565E9	0.6631075633024285
1.476698899E9	0.586605325848982
1.4767535E9	0.7847492912827781
1.4768079975E9	0.7575247553189512
1.476862488E9	0.15815081632750136
1.4769169595E9	0.7618895216391138
1.476971295E9	0.9898209538663358
1.477025485E9	0.19228798575072947
1.477079584E9	0.19159280273884446
1.4771336005E9	48.77445486837454
1.4771875805E9	7.844980844830609
1.4772414615E9	1.611759292064229
1.477295249E9	0.8255555433865969
1.4773490025E9	0.9662233049845094
1.477402727E9	0.5658833418503635
1.47745644E9	0.0
1.4775101175E9	0.39592806382379375
1.47756376E9	0.6599531134741501
1.4776173835E9	0.4441425012032256
1.477670962E9	0.3869987788077779
1.4777244945E9	0.3509708210396102
1.4777643865E9	0.27169610952289386
1.477791109E9	0.04634113684684411
1.477831364E9	1.1493254289733594
1.477884697E9	0.4915130883629638
1.4779380235E9	0.38392985491690323
1.47799131E9	1.7867159253832883
1.4780445285E9	0.3317008169192963
1.478097698E9	0.5706286881672858
1.4781508375E9	0.0021782449590051637
1.478203958E9	0.1425549238844381
1.478257044E9	0.4383738645787129
1.478310098E9	0.23274464147892188
1.4783631485E9	0.027182811739799185
1.478416185E9	0.04050778762551704
1.478469181E9	4.868866175096267
1.478522147E9	0.3548356576574678
1.478575098E9	0.7337830851355639
1.4786279995E9	1.4205793842003607
1.4786808495E9	1.4415675721348142
1.478733679E9	0.4440377494526678
1.478786488E9	1.5683199996524482
1.4788392785E9	0.25694515044988997
1.4788920575E9	0.9583875592636415
1.4789447795E9	0.907397232035188
1.4789974325E9	2.4840965371206316
1.4790500305E9	0.18819141874057238
1.479102591E9	23.868650016909378
1.479155139E9	0.7318475473405051
1.479207655E9	0.6562974771910626
1.479260108E9	17.557027272222324
1.479312504E9	0.16844895588229103
1.479364824E9	0.09157766448347722
1.479417039E9	0.3709098083921603
1.4794692055E9	0.18014850873164792
1.4795213615E9	0.20440852724820627
1.4795735025E9	0.5850833921978394
1.47962561E9	0.7744712949249832
1.479677666E9	0.3720275323093537
1.47972969E9	0.4252938880680661
1.479781665E9	0.608554596722483
1.4798335805E9	0.34391080234580274
1.479885453E9	0.304011244506065
1.4799372575E9	0.5797333924573018
1.479989002E9	0.18116195217934175
1.4800406965E9	0.3066866276411686
1.4800923275E9	0.7942306026392538
1.480143924E9	0.9697751046619836
1.4801955155E9	0.15599829218768865
1.4802471025E9	0.6154180902715339
1.480298622E9	0.29668635504712765
1.480350067E9	1.0549140132283448
1.4804014845E9	3.9528774084661165
1.4804528755E9	0.42173436698240113
1.480504211E9	0.5038127747779083
1.4805554605E9	0.855434533244348
1.480606667E9	0.20370903002578733
1.4806578665E9	1.321889720452173
1.480709056E9	0.4752418810548682
1.4807602225E9	0.1508752009257964
1.480811365E9	0.10035149268804129
1.4808624975E9	0.5147673984115521
1.4809136255E9	0.08212437753254215
1.4809647445E9	0.5210259824588106
1.4810158395E9	0.9520896717373899
1.4810668995E9	17.611677406756492
1.4811179405E9	0.6614867386350713
1.481168939E9	0.7273423016121411
1.481219894E9	0.863276301967257
1.4812708395E9	0.10056674151823539
1.481321727E9	0.5249646572927074
1.481372509E9	0.896524848144053
1.481423198E9	0.40863426631017247
1.481473832E9	0.7827994777287698
1.481524431E9	59.1157723470988
1.4815750025E9	0.05907426173131089
1.481625558E9	0.6350401388835959
1.481676092E9	0.36565327378199747
1.4817266055E9	5.998091294836218
1.481777102E9	1.2442050441447856
1.481827576E9	0.65817502561638
1.4818780295E9	0.7649298914543149
1.481928471E9	7.932954590705762
1.481978899E9	0.6976807768454794
1.482029302E9	0.0
1.4820796615E9	0.8206568663576596
1.482129963E9	0.6911737657402947
1.4821802255E9	0.49887093017982875
1.4822304695E9	0.6353093823456523
1.4822806935E9	0.9329490937374613
1.482330906E9	0.9434275583079459
1.482381076E9	0.18531947060026088
1.482431195E9	0.17760877296513558
1.482481296E9	0.005858695075688544
1.482531365E9	1.7565989992250308
1.4825813975E9	0.6109529111829095
1.4826314175E9	0.6075108193977746
1.4826814E9	0.4260852181242503
1.482731345E9	0.36115716675628845
1.4827812865E9	0.4588579536078689
1.482831219E9	0.5780142130386572
1.482881135E9	0.5996344046699227
1.4829310385E9	0.5263118632171867
1.482980926E9	34.98619826684596
1.4830307785E9	0.07065608198524685
1.4830805975E9	0.790386564971828
1.4831304E9	0.39657191682792764
1.48318017E9	0.18176646252164833
1.483229864E9	0.3006828478957708
1.4832795035E9	0.5980302386157623
1.48332913E9	54.029436657864444
1.483378748E9	2.8780613608257672
1.483428345E9	0.813719988827617
1.483477903E9	0.29479831539205537
1.483527426E9	0.9232024294920567
1.483576923E9	0.9882141794978254
1.4836263665E9	0.4622003281903636
1.483675744E9	0.07108356713304484
1.4837250715E9	1.0650529690448018
1.483774341E9	0.7483402471881281
1.4838235645E9	0.14828714021546247
1.4838727505E9	0.3295211944145862
1.483921889E9	0.4894752903394071
1.483970915E9	0.1421942046373947
1.484019848E9	0.43312054935562344
1.4840687615E9	0.08551139643044658
1.484117657E9	0.32344851020980653
1.484166493E9	0.8562541404619749
1.484215264E9	0.4521180761943744
1.484264022E9	0.845148150351172
1.48431274E9	0.24709370287302726
1.48436142E9	1.1344139692904835
1.484410068E9	1.2489518177856136
1.4844586865E9	0.7219144034877759
1.484507302E9	0.5319339831704484
1.484555913E9	0.6228100115453906
1.4846045155E9	0.2816379051790028
1.484653108E9	52.62478567184449
1.484701682E9	0.1363974188124818
1.484750239E9	0.5841489099270515
1.4847987815E9	0.6597229415122836
1.484847311E9	1.0151968874876873
1.484895835E9	16.67506622597401
1.4849443305E9	0.35686138656735805
1.4849928005E9	0.4892793518106136
1.485041266E9	0.43462890268981047
1.4850897195E9	0.4099283223024744
1.485138161E9	2.1850100515866497
1.4851865935E9	0.7238688790803429
1.485234967E9	2.409427396322794
1.4852832835E9	0.0
1.485331592E9	1.2894420198367196
1.485379883E9	0.45966275119567657
1.485428155E9	0.8644767847798213
1.4854764205E9	0.9125942627321338
1.485524572E9	0.15355142984383785
1.4855726015E9	0.446754082452678
1.4856206075E9	0.2345708114777151
1.485668588E9	23.873020223760285
1.4857165475E9	0.3256031088964938
1.4857644805E9	21.066641756599335
1.485812387E9	1.027274963206271
1.485844572E9	0.11239749605843774
1.4858685175E9	0.6741396295099067
1.4859081705E9	0.5225459034399634
1.485956024E9	3.385078713135974
1.4860038335E9	0.3620764111260038
1.4860516E9	0.20608936949047854
1.486099321E9	3.783856299771048
1.486147028E9	0.44672115953114544
1.4861947055E9	0.713666755034692
1.48624234E9	3.883936294309498
1.486289953E9	16.45340452606103
1.4863375515E9	0.8156905627400607
1.486385137E9	0.5383998596159212
1.486432712E9	0.31317879635032536
1.4864802735E9	0.7721273222778362
1.486527796E9	0.7336068389735543
1.486575286E9	0.7121004118454599
1.486622768E9	0.5172688084636257
1.486670241E9	0.7224909005046597
1.4867177115E9	0.45646938682928573
1.4867651575E9	0.324965410929145
1.4868125545E9	0.7215729775710048
1.486859921E9	0.46103926537753037
1.4869072685E9	0.8579943904706132
1.486954596E9	54.54951226721845
1.487001908E9	0.4554699707063966
1.487049206E9	0.9886236763879753
1.4870964905E9	1.4977337687899586
1.487143726E9	0.6909068355544321
1.4871909205E9	0.5903929319874831
1.487238105E9	0.775568699020226
1.487285273E9	0.13702228124538882
1.487332424E9	0.7309664114344053
1.487379558E9	0.31367890223048533
1.487426664E9	9.41695850403066
1.4874737385E9	0.3122818743590176
1.487520786E9	1.9712462060966378
1.487567779E9	0.3006799315567677
1.487614724E9	0.6436562377617866
1.487661629E9	0.03416285909771326
1.4877084645E9	2.0997485946115084
1.487755248E9	9.132040765597813
1.487802019E9	1.0209972415979083
1.487848784E9	0.23520725047662194
1.4878955195E9	5.716474246044532
1.4879422115E9	0.42283374740704066
1.4879888735E9	0.5525683795942432
1.488035506E9	0.8555105686429286
1.4880821115E9	0.7723875232533992
1.488128697E9	0.8814562673758414
1.488175266E9	0.5086080930164595
1.4882218265E9	0.029651842373449765
1.4882683295E9	3.718297668022727
1.4883147695E9	0.23265196887430914
1.4883611925E9	1.0205102541105724
1.488407604E9	1.1612266565035116
1.4884540085E9	0.788910827703277
1.4885003865E9	0.07258569735928201
1.488546737E9	0.8839615572859062
1.4885930695E9	24.0926498294524
1.48863937E9	0.8422411776261302
1.4886856445E9	1.2311129702400825
1.488731908E9	0.8691770141338299
1.4887781655E9	0.7226998676647112
1.4888244155E9	0.13318744524126294
1.4888706345E9	0.2697682742826462
1.488916806E9	0.19901784553052104
1.4889629455E9	0.15733332639310418
1.4890090725E9	0.7686993405546567
1.4890551825E9	0.6125745663226894
1.489101266E9	1.897733498219146
1.489147334E9	1.1422999827552942
1.4891933915E9	0.25891539168621347
1.4892394175E9	2.7632270657124267
1.489285417E9	0.8120777102674285
1.489331415E9	0.42549068183997696
1.4893773925E9	0.7242539738887863
1.4894233285E9	0.5651219945163761
1.4894692255E9	0.970894529311351
1.489515099E9	0.19197583471591168
1.4895609385E9	0.3341603306335424
1.489606745E9	0.6887567214464118
1.4896525395E9	0.6022189285799688
1.4896983265E9	0.19200272333270124
1.489744104E9	0.4498310324701654
1.4897898715E9	0.16024650598650206
1.489835595E9	0.0
1.489881264E9	2.5462949854853463
1.489926899E9	1.0694825754689212
1.489972465E9	1.0336079791847355
1.4900179665E9	0.8098028606706345
1.490063433E9	0.2626366554696629
1.4901088415E9	0.5648606350449185
1.490154196E9	0.7173487394104059
1.4901995305E9	0.7392511896349252
1.4902448525E9	0.11838308219966973
1.490290136E9	0.7722150668803575
1.4903353745E9	49.27940950552088
1.490380596E9	0.8746876306796612
1.4904257875E9	0.610220420622722
1.490470894E9	0.7644585991230886
1.4905159235E9	0.5102592088058778
1.490560935E9	0.9453267821635889
1.490605935E9	0.799537121332518
1.490650917E9	0.11442307122321349
1.4906958815E9	0.6628121282414368
1.490740827E9	1.9525338636771583
1.4907857635E9	1.080147898755486
1.490830694E9	1.809749007698203
1.4908756115E9	0.6469639487753689
1.490920494E9	0.0590331161383215
1.4909653455E9	0.4704530866395547
1.49101016E9	0.6624448164642462
1.4910549175E9	0.5188595707309558
1.4910996455E9	0.3703147272833941
1.4911443615E9	1.1044391106030027
1.491189058E9	0.7315020063667163
1.4912337045E9	0.600284331683845
1.4912782855E9	4.869803441346395
1.491322818E9	0.9712870001731002
1.4913672715E9	1.2959091910954375
1.4914116605E9	0.363945602819448
1.491456035E9	0.3704490265900979
1.491500398E9	0.12733672662144582
1.4915447535E9	0.9665729510841784
1.4915890995E9	0.046023577382811855
1.4916334215E9	0.7175142447702632
1.4916776985E9	0.37914224617226927
1.491721914E9	0.9500088520273462
1.491766067E9	0.32222718536962425
1.4918101865E9	0.54134978170436
1.491854264E9	1.4505737406138368
1.491898298E9	0.038705382824786486
1.491942316E9	0.060482484103871935
1.4919863005E9	0.794455366122676
1.4920302395E9	1.5134295691142048
1.49207415E9	1.917884650195909
1.4921180345E9	0.5068938784885724
1.492161899E9	0.19669767597224194
1.4922056585E9	1.1946842888783995
1.492249306E9	0.4580701939791043
1.492292934E9	0.7107112962315942
1.4923365375E9	0.516940282035561
1.4923801225E9	0.8439372261823286
1.4924237025E9	0.7945795662701446
1.492467267E9	0.12130407103990186
1.492510817E9	1.3365901872215367
1.4925543325E9	1.9403062028034053
1.4925978135E9	0.32572182566522073
1.4926412915E9	0.14866493538303954
1.4926847455E9	0.013751967868822773
1.4927281115E9	0.5014696469478507
1.49277138E9	0.843400473697727
1.4928146005E9	1.0064949907890905
1.492857802E9	0.4097269391190798
1.4929009985E9	1.8356323374106245
1.4929441855E9	0.05765170117143159
1.4929873635E9	0.0732862720025224
1.4930305305E9	0.6951519667520255
1.493073666E9	0.39522284026372134
1.493116759E9	0.2644606802181212
1.493159827E9	0.844136266334592
1.493202872E9	0.6875091190134338
1.4932458955E9	0.6812203319897784
1.493288912E9	3.264523526306884
1.4933319135E9	0.5859635372679933
1.4933748855E9	0.4590149437621716
1.4934178335E9	1.0079667509744594
1.49346076E9	0.30501164268328373
1.4935036525E9	0.24137530971646592
1.493546522E9	0.25832361854517544
1.493589381E9	0.34682022384968664
1.493632207E9	0.7135297810429515
1.493674998E9	0.771664436856867
1.4937177775E9	0.9210312048364443
1.493760539E9	15.288741005186917
1.493803277E9	2.2096486050601976
1.4938459955E9	0.40631241471307294
1.493888642E9	1.4882152269790199
1.493919015E9	2.767475014142938
1.4939402885E9	3.2469924080202452
1.4939737295E9	0.6821949104067975
1.494016196E9	0.39591082736540967
1.4940586255E9	0.9964522085922891
1.494101034E9	0.9791197306991424
1.494143386E9	0.11309390968762312
1.4941856805E9	0.0
1.4942279585E9	0.4856144315932452
1.4942702145E9	0.2896917536294318
1.494312442E9	0.6061941430507005
1.4943546495E9	0.2777122549034984
1.494396838E9	0.49069902083640476
1.494439018E9	0.815153737648402
1.4944811245E9	1.186080701028046
1.4945231445E9	0.934019129740567
1.494565144E9	0.497390693718089
1.4946071355E9	0.8738661696104157
1.4946491245E9	0.1774785807532463
1.494691102E9	0.5699955319084782
1.494733054E9	1.0623200525077228
1.494774986E9	0.8574003753010535
1.4948169115E9	0.0
1.49485879E9	0.5645955314748463
1.494900609E9	0.010392761538823542
1.4949424005E9	24.549511979150584
1.494984173E9	0.4968442211055276
1.495025928E9	0.6416997052474261
1.495067659E9	0.22688053742027464
1.495109348E9	4.5561310354724665
1.4951509875E9	0.42718547563957215
1.495192596E9	0.3247852095850438
1.495234191E9	0.5718099645109016
1.495275781E9	0.5542446999349298
1.495317349E9	0.5147960463599418
1.495358892E9	0.10350409459594345
1.4954004145E9	0.006022563933542859
1.495441905E9	0.6757947146687093
1.4954833735E9	0.2724115671680401
1.4955248E9	23.609791010592613
1.495566187E9	0.39196725160869894
1.4956075395E9	0.012368584388595234
1.495648783E9	1.0035393237496606
1.4956899355E9	0.09393780653547734
1.4957310675E9	1.1955899283513751
1.495772172E9	0.8259089266837055
1.4958132545E9	0.09350091228747179
1.495854336E9	0.7484531007044343
1.4958953875E9	0.26563327957145016
1.4959363985E9	0.5527629233511586
1.4959773835E9	0.6143593854021416
1.4960183525E9	0.2825200720485945
1.4960592985E9	0.9256587326071651
1.4961001845E9	0.9381463927066268
1.49614101E9	0.9277685487590238
1.4961817895E9	0.2719699902505215
1.496222536E9	0.8326406571587828
1.496263254E9	0.9204676357017987
1.4963039235E9	0.6855857949341827
1.4963445465E9	7.435028671154326
1.496385148E9	0.6419747585179865
1.4964257025E9	2.111430016619698
1.4964662115E9	0.12105360690836264
1.4965067155E9	0.2326886513097202
1.496547193E9	1.1267146938941324
1.4965876015E9	0.8581697553053318
1.49662796E9	1.1221305290294687
1.496668309E9	0.21598612655746358
1.4967086505E9	8.536750128186656
1.4967489645E9	0.5447831511250951
1.496789165E9	0.8123012215613489
1.4968292695E9	0.22197065950594996
1.496869355E9	0.4427939992258788
1.496909428E9	0.6117409191784137
1.496949494E9	0.4718402458997098
1.496989531E9	0.5697923874574345
1.4970295425E9	0.5484918554801853
1.497069519E9	1.4845635132531183
1.4971094615E9	0.8044606682135687
1.4971493925E9	1.0442514828850507
1.4971892835E9	5.861722315754644
1.49722914E9	0.18823762473949113
1.497268974E9	0.3264486948877077
1.4973087875E9	0.9775614727362869
1.4973485995E9	2.2071807851227416
1.4973883985E9	0.0
1.497428166E9	3.7958940113176176
1.4974679105E9	1.016138772057614
1.497507626E9	1.1321529390745042
1.4975473125E9	0.0
1.4975869945E9	4.531364897533425
1.4976266755E9	0.7003166140274485
1.4976663455E9	0.5349525350497932
1.4977060025E9	0.35127329123420004
1.497745653E9	8.649646254170879
1.497785297E9	0.593036714213664
1.49782493E9	0.20868386205585826
1.497864541E9	0.781326593703274
1.4979041315E9	56.38583580487753
1.4979437065E9	0.0
1.4979832685E9	0.49939631398905954
1.4980228115E9	0.0
1.4980623115E9	0.338209775500417
1.498101774E9	0.87106228959172
1.498141222E9	0.6420027748571924
1.4981806635E9	0.09315737934701956
1.498220084E9	5.678384485790779
1.498259483E9	0.5618359885351996
1.498298856E9	0.8322418414218367
1.4983381765E9	1.0021534647932102
1.4983774675E9	1.3611915429117412
1.4984167335E9	0.33514614621654326
1.4984559575E9	0.0
1.4984951625E9	0.7415899277793014
1.498534363E9	0.29696913221828386
1.4985735515E9	0.0
1.4986127065E9	0.3211693731520595
1.498651814E9	0.9004070307752797
1.498690893E9	0.1413287915489935
1.4987299515E9	0.7219198186817269
1.49876899E9	0.2991577186063042
1.498808022E9	2.0494719524491853
1.4988470355E9	0.34111264191157115
1.4988859755E9	1.439159472612122
1.498924857E9	0.2505982036854065
1.498963734E9	2.590290112492599
1.499002572E9	1.6094325183360425
1.499041365E9	0.6440122971826863
1.499080101E9	0.5177898235977476
1.499118788E9	1.345232963245857
1.4991574705E9	0.5581558649756109
1.499196124E9	1.2060653108000419
1.4992347455E9	0.9459049264854357
1.4992733535E9	0.646720198037529
1.499311954E9	0.8530940025417514
1.499350539E9	0.568541282453843
1.499389088E9	0.43002329352096574
1.4994276105E9	32.823058332322724
1.499466114E9	0.764857035072931
1.499504591E9	0.19688973043050695
1.499543027E9	0.8299814817212934
1.4995814235E9	0.08698400691592825
1.499619808E9	0.4740141832746394
1.4996581885E9	0.4571030004691761
1.4996965595E9	0.4448111318076403
1.4997349165E9	5.115749931213575
1.499773247E9	0.43804766138830253
1.4998115515E9	0.4964768660905676
1.499849847E9	0.4260959320553028
1.499888138E9	0.34374070614998514
1.499926422E9	0.9318868885322195
1.4999646995E9	0.09327312636851898
1.5000029725E9	0.1594162398858553
1.500041224E9	0.2660257749912922
1.50007944E9	0.7261362508632894
1.500117618E9	0.06185955584673016
1.500155769E9	3.155517182631696
1.500193863E9	1.684535437494414
1.500231898E9	0.7040519287293957
1.500269916E9	0.927238592268655
1.500307908E9	2.967174656770859
1.500345875E9	19.295185709597607
1.500383832E9	0.37301789171606664
1.500421785E9	0.5689666813619773
1.50045972E9	0.48235375844952805
1.500497618E9	0.49829379543325286
1.5005354845E9	0.4730569465307681
1.5005733095E9	0.961753955323624
1.500611102E9	0.25640361492443087
1.5006488865E9	0.9003109566489849
1.500686649E9	0.6353937797601167
1.5007243605E9	0.7399894135576263
1.5007620315E9	16.092663606651712
1.500799694E9	0.7653113890870289
1.5008373425E9	0.3426750179075752
1.500874906E9	0.1518574387558441
1.5009123875E9	0.9498523113593785
1.500949841E9	0.3834572433640402
1.5009872685E9	0.20686696356817574
1.5010246615E9	0.4718185911342147
1.501061985E9	0.63703944898514
1.501099249E9	1.0952893687440641
1.501136492E9	0.6744370786785086
1.5011737215E9	0.7480151089723163
1.501210923E9	5.317251171928187
1.50124809E9	0.3674356895815271
1.501285215E9	1.0469296454756876
1.501322307E9	0.6292920485019989
1.501359365E9	0.9043675133438585
1.5013963865E9	1.0147444248736588
1.501433386E9	0.4650821286697966
1.501470374E9	19.331214254535688
1.501507337E9	0.0
1.5015442575E9	0.4129684814547874
1.501581157E9	0.015700652772758148
1.50161803E9	0.21398686048680243
1.5016548745E9	0.33194472245618334
1.501691682E9	0.13497115006921695
1.5017284435E9	0.7425944495125795
1.5017651905E9	1.3396300809031267
1.5018019355E9	0.732483939794004
1.50183864E9	0.4405282980456026
1.501875296E9	1.0345577582063439
1.5019119385E9	0.8747951548531115
1.50194856E9	4.549134908243966
1.5019851225E9	0.3425871431699352
1.5020034045E9	0.0
1.5020216985E9	0.33707109814406
1.5020582315E9	0.9168292812931861
1.5020947095E9	0.46066347659294704
1.502131142E9	0.5340666312750062
1.502167522E9	0.7799515141824543
1.5022038415E9	9.70545924264056
1.502240145E9	6.547472318567805
1.502276441E9	0.9223820211847098
1.50231273E9	0.6681547946713641
1.502348999E9	0.7232098979562339
1.502385245E9	0.8219818009137301
1.5024214795E9	0.5454042951701704
1.5024577025E9	0.9230092858668218
1.5024938985E9	25.74589377133106
1.502530033E9	0.9775988279598042
1.5025661175E9	0.34308323685081044
1.502602189E9	0.04056971548237779
1.502638249E9	0.40385310087955484
1.5026742875E9	0.4290701244715274
1.5027103025E9	1.0284160668884283
1.502746294E9	0.6677314689684415
1.502782259E9	0.47515993960943487
1.5028181925E9	47.49351803990489
1.502854099E9	0.9191000133191362
1.5028899725E9	0.6458072519111274
1.502925804E9	1.2240004607531065
1.502961606E9	0.527860225119295
1.5029973855E9	0.7469987953914389
1.5030331325E9	0.9815100815100815
1.5030688485E9	0.5619470382412217
1.503104555E9	1.9837333565832576
1.503140255E9	0.11616395007635359
1.503175928E9	0.1833186631712621
1.5032115695E9	0.38562556697626976
1.5032471955E9	0.7798035604665439
1.5032828015E9	0.1831307629183063
1.50331836E9	0.7563114202828721
1.50335387E9	0.9582755019699055
1.5033893295E9	0.5742703956829843
1.5034247285E9	0.48656978448250077
1.503460104E9	59.896221094190636
1.503495445E9	0.2894178680632731
1.503530724E9	0.0
1.5035659405E9	0.8591657487525524
1.5036011195E9	0.43490075868983613
1.503636254E9	21.20998606006843
1.503671334E9	1.0107057692515642
1.5037063995E9	0.6030878045299102
1.503741444E9	0.8644052085183543
1.503776449E9	0.30533127923713566
1.5038114115E9	0.7106096481988624
1.503846299E9	0.2767703454625515
1.503881127E9	2.121841289985443
1.5039159195E9	0.3266867677081484
1.5039506705E9	0.5157057552718953
1.5039854075E9	1.2007079691916704
1.504020135E9	1.0665564546535573
1.504054837E9	19.525953293574908
1.5040894825E9	0.21479696767436687
1.5041240685E9	59.91468981516127
1.5041586215E9	0.29806114586033355
1.5041931505E9	0.38168926242920365
1.504227663E9	0.847229349176811
1.504262158E9	0.27178751235119747
1.5042966265E9	2.0965804123457397
1.5043310615E9	0.698608451562364
1.504365423E9	1.1908317270456608
1.504399667E9	0.8782927780980725
1.504433829E9	0.0
1.504467965E9	0.24309730783815442
1.504502076E9	1.1019003602938782
1.504536103E9	0.0
1.504570051E9	0.0
1.5046039705E9	0.839491431883736
1.5046378695E9	0.9242063784855234
1.504671739E9	0.4534937196401368
1.5047055835E9	0.6600226500566252
1.5047394045E9	1.0532020750562885
1.504773183E9	11.989118217326553
1.504806934E9	22.739666782124573
1.5048406455E9	0.884252715428155
1.5048743225E9	0.6997071080857458
1.5049079935E9	1.3763660337842918
1.5049416565E9	0.0
1.504975286E9	3.3416483590678445
1.505008816E9	6.920199550811917
1.5050422405E9	1.0483056078698116
1.5050756215E9	0.0
1.505108884E9	0.04063176715225518
1.5051420155E9	0.9029958043054884
1.5051750625E9	0.8659688486286965
1.5052080455E9	0.8879171757443252
1.5052410265E9	0.35573609941656664
1.5052739805E9	0.7139628835336832
1.5053068895E9	0.29077974062669143
1.505339751E9	0.5298817677338232
1.505372562E9	0.22940867706881793
1.5054053465E9	0.28525764808516063
1.5054381255E9	0.8811820130211493
1.5054708915E9	0.4448306124432136
1.505503631E9	1.5943171330461199
1.5055363455E9	0.11487907823252796
1.505569032E9	1.3763708003083377
1.505601684E9	0.6842928502951713
1.5056343185E9	46.875580400225786
1.5056669395E9	0.0
1.5056995295E9	0.0
1.505732098E9	0.9562933849829641
1.5057646435E9	14.689497683686902
1.505797145E9	0.2552648624292433
1.505829621E9	0.33849176051098695
1.5058620535E9	1.1504564816637264
1.505894386E9	1.5529195178714092
1.5059266525E9	0.5750929947723086
1.505958904E9	0.9837234140919702
1.5059911385E9	0.48733603738229087
1.5060233395E9	1.5960247580006108
1.5060555175E9	55.122031178535565
1.5060876535E9	0.2841435637815021
1.506119743E9	1.0257292830776525
1.506151819E9	0.20421252413311664
1.506183868E9	0.9609325433715472
1.5062158925E9	0.998384517745578
1.506247826E9	0.5174239930743364
1.506279664E9	5.318278291875371
1.5063114845E9	0.7793652705428924
1.506343278E9	0.8249692719043265
1.5063750415E9	28.98780272276026
1.506406781E9	0.2656771846950826
1.5064384905E9	0.5856435948371124
1.506470146E9	0.8944177439251704
1.506501692E9	0.20971050680427042
1.506533151E9	0.054947891878171125
1.5065645925E9	0.9611173709239824
1.506596023E9	0.31637362063111363
1.506627442E9	0.27463382157123833
1.506658755E9	0.9766489603824396
1.5066899055E9	0.5849865007630004
1.506720874E9	0.8648079287492129
1.506751704E9	1.117857787426214
1.506782515E9	0.0
1.5068133055E9	0.19773879819050444
1.506844035E9	8.714228016455957
1.50687466E9	0.11137354467383498
1.5069052145E9	0.9061829017694716
1.5069357535E9	1.625468825839474
1.5069662725E9	0.33535476210485227
1.506996753E9	0.10210982204425303
1.5070271395E9	7.441399911741743
1.5070574245E9	0.7216525860883918
1.507087648E9	0.9279241058618327
1.5071177755E9	1.2539684628086125
1.507147721E9	16.669873532068653
1.5071775345E9	1.3255381329076783
1.5072073085E9	0.8137110616754556
1.507237035E9	59.9632183908046
1.5072667225E9	1.2774736300099194
1.5072963735E9	0.4003440362617764
1.5073259925E9	0.32104716328903204
1.507355585E9	0.4175625332623736
1.5073851135E9	0.49351059921221496
1.50741454E9	0.9118843355816845
1.507443907E9	0.8732347485812885
1.5074732345E9	0.7208300874231801
1.5075025255E9	0.12942337166963358
1.5075318105E9	0.9979744936234058
1.507561084E9	0.5810831183523228
1.507590314E9	0.8329731014763326
1.5076195035E9	1.197108898711524
1.507648598E9	0.34182194854607956
1.5076775175E9	0.0
1.507706322E9	0.21547245297696774
1.5077350905E9	0.3399852180339985
1.507763837E9	0.454337332888651
1.5077925115E9	0.01943953326796409
1.50782111E9	2.4105713331105916
1.5078496685E9	42.30425721008381
1.5078781985E9	0.9221153583431241
1.507906689E9	0.4240114524491217
1.5079351245E9	0.8946609510522304
1.5079634975E9	6.112798502088435
1.5079918035E9	1.8378655186480692
1.5080200785E9	0.3631981148513537
1.508048329E9	0.053796338914966046
1.508076506E9	0.8783242952927113
1.508104629E9	0.2819068617374199
1.508132657E9	14.247776885908998
1.508160574E9	0.9976630411042677
1.5081884185E9	0.9889099526066351
1.50821617E9	1.2839318630220733
1.5082438665E9	0.9974892899782288
1.508271512E9	0.6584396183726555
1.5082991E9	0.8503843439117341
1.5083265915E9	1.1130482701613598
1.508354007E9	0.5296799044591344
1.5083813975E9	1.1072540576349785
1.508408744E9	1.008909029666594
1.5084360505E9	0.52873322147651
1.508463327E9	0.36773839891920357
1.5084905655E9	1.098287336382274
1.50851775E9	0.5813750057549509
1.5085448665E9	3.9143220053056713
1.5085718775E9	0.0
1.508598808E9	0.695023999700171
1.5086257175E9	2.4550131697010045
1.5086525355E9	43.50698974836906
1.508679233E9	0.4372068689604235
1.5087058445E9	0.39726346677344265
1.508732393E9	0.35343638110208714
1.508758876E9	2.6729955014554116
1.5087851315E9	0.3796927699007826
1.5088111715E9	0.8734262268920974
1.5088371435E9	0.0
1.5088630485E9	0.9090034514222239
1.5088889005E9	0.0
1.508914519E9	0.021439913080073977
1.5089397605E9	0.4360332067387282
1.508964792E9	0.9983417838579036
1.5089897535E9	25.930611361066333
1.5090146965E9	0.8994051301575215
1.5090395665E9	0.01012879340911461
1.5090643255E9	0.0
1.509089005E9	0.3232141684231897
1.5091136205E9	0.7537401204365826
1.509138154E9	0.8027835671112379
1.509162569E9	0.0
1.5091868865E9	0.0
1.509211163E9	0.9401991689353776
1.509235372E9	10.590314051718579
1.50925949E9	0.0
1.509283547E9	0.37752997723248166
1.509307566E9	0.0
1.5093315725E9	1.4130755261190044
1.509355526E9	11.99347471451876
1.5093793655E9	8.875706069850711
1.509403033E9	0.6209776279497395
1.509426582E9	36.19451963279927
1.509450097E9	0.28664495114006516
1.509473389E9	0.9984117179917057
1.50949646E9	0.999534450651769
1.5095194575E9	0.0
1.509542382E9	0.2490641594846348
1.5095652555E9	0.9638375400552066
1.5095880415E9	0.8210352823313647
1.509610702E9	1.3047237924665585
1.509633261E9	1.9584979566920455
1.5096556815E9	0.0
1.5096777265E9	4.515720922515348
1.5096994395E9	3.8737204032195045
1.5097210525E9	0.0
1.5097426285E9	1.1904991234998363
1.5097642005E9	0.1818538005149446
1.509785745E9	0.9995778300464387
1.509807233E9	6.981078435941651
1.5098286475E9	0.6758898291654781
1.5098498425E9	0.0
1.5098707615E9	0.9944085152250067
1.5098914185E9	0.0
1.509911901E9	0.9980670103092784
1.509932343E9	0.8255366930572473
1.5099521495E9	55.12203959514533
1.509971254E9	0.0
1.509990083E9	0.0
1.5100085245E9	0.0
1.5100265955E9	0.0
1.5100444465E9	1.0
1.5100622275E9	0.0
1.5100748905E9	0.7279461852861036
1.510083552E9	0.5720646824466838
1.5100969345E9	31.755000913872585
1.51011384E9	22.058696849802175
1.510130501E9	2.9961843619405246
1.5101463325E9	0.0
1.5101613985E9	11.991188251001335
1.5101762635E9	1.0
1.5101909225E9	0.998862251117432
1.5102053285E9	0.9998595900028082
1.5102194025E9	39.962600690448795
1.510233273E9	0.9986190825529712
1.5102466855E9	0.0
1.510259005E9	0.0
1.510270233E9	0.9997223507635354
1.510279609E9	3.686948184900714
1.5102840825E9	0.0
1.5142192695E9	58.79184075734839
1.5221916E9	59.52933524409383
1.530266887E9	59.519743346171005
1.538342174E9	59.55292491793591
1.546417461E9	59.030408676878984
1.554492748E9	59.39902774508739
1.562568035E9	58.06785281823922
1.570643322E9	58.90866324801302
1.578718609E9	59.2320536126711
1.586793896E9	58.866261562863926
1.594869183E9	58.69755363482545
1.60294447E9	59.097704655309855
1.611019757E9	59.01775787592304
1.619095044E9	19.93680866014486
1.627170331E9	2.4910324084064337
1.635245618E9	0.9411965138521625
1.643320905E9	21.483256460545
1.651396192E9	58.34324206085414
1.659471479E9	58.6153685022162
1.667546766E9	55.60111088758706
1.675622053E9	57.315004717248364
1.6820377635E9	22.98080697940407
1.686075407E9	58.36784924131138
1.691772627E9	59.05609765717161
1.699847914E9	59.19008161334486
1.707923201E9	59.63695092857301
1.715998488E9	57.737082718135866
1.724073775E9	51.42186396385349
1.732149062E9	59.041366770974726
1.740224349E9	58.88604182035329
1.748299636E9	51.342397161980735
1.756374923E9	58.751351133948546
1.76445021E9	58.93455402224603
1.772525497E9	59.262201788330366
1.780600784E9	59.31537930437307
1.788676071E9	58.2236133916093
1.796751358E9	58.166203430224854
1.804826645E9	59.56688975046295
1.812901932E9	59.35211422536629
1.820977219E9	59.57996552312238
1.829052506E9	59.38952131549409
1.837127793E9	59.73585776341069
1.84520308E9	59.64781486268755
1.853278367E9	59.28964166790008
1.861353654E9	59.05804910916023
1.869428941E9	59.35572974520421
1.877504228E9	59.46232984584534
1.885579515E9	59.18504175652712
1.893654802E9	59.691249766514936
1.901730089E9	59.38308257616192
1.909805376E9	57.45139069825456
1.917880663E9	57.17218596939094
1.92595595E9	59.49514532509056
1.934031237E9	58.91995137906451
1.942106524E9	59.21915945622789
1.950181811E9	59.52267800092416
1.958257098E9	58.95723579489216
1.966332385E9	57.38229823712563
1.974407672E9	58.90854953858109
1.982482959E9	59.720293380911755
1.990558246E9	58.32855877758719
1.998633533E9	59.31871510375329
2.00670882E9	56.08254489880406
2.014784107E9	58.7521661563071
2.022859394E9	59.60307383837666
2.029593639E9	59.87384138389574
2.0336312825E9	57.470528431422885
2.039009968E9	57.3154635689467
2.047085255E9	48.12508456164542
2.055160542E9	56.74302135336475
2.063235829E9	58.51580152756255
2.071311116E9	58.011025615494944
2.079386403E9	58.50881116980851
2.08746169E9	43.77605167281552
2.095536977E9	26.233464669563833
2.103612264E9	38.02239330918687
2.111687551E9	51.74044195914717
2.119762838E9	54.99828351684855
2.127838125E9	58.698050616603766
2.135913412E9	56.84341092373051
2.143988699E9	58.493086281157765
2.152063986E9	59.55361590166764
2.160139273E9	58.435463105469765
2.16821456E9	59.4898679807472
2.176289847E9	54.08990468309088
2.184365134E9	11.52436564310334
2.192440421E9	8.728169412828649
2.200515708E9	36.69469043021823
2.208590995E9	50.762533265196865
2.216666282E9	57.500097961398886
2.224741569E9	50.94831277441973
2.232816856E9	53.42896412330565
2.240892143E9	53.022125916032195
2.24896743E9	58.68076372214489
2.257042717E9	59.49997368891466
2.265118004E9	59.04336496263004
2.273193291E9	59.16839704279004
2.281268578E9	58.66128054916578
2.289343865E9	55.151352980549866
2.297419152E9	59.36552963142697
2.305494439E9	58.753127087914926
2.313569726E9	59.416380209992425
2.321645013E9	59.02281931880386
2.3297203E9	57.64192975379762
2.337795587E9	58.188529742823455
2.345870874E9	36.24399983621988
2.353946161E9	8.025819481357109
2.362021448E9	52.828075769886425
2.370096735E9	57.939303359642665
2.378172022E9	57.378969376431826
2.386247309E9	58.05999272015821
2.394322596E9	52.63678475455135
2.402397883E9	47.45515952624616
2.41047317E9	57.24708567924823
2.418548457E9	57.56361543926016
2.426623744E9	55.9497450040426
2.434699031E9	59.1325248604808
2.442774318E9	52.1625533889595
2.450849605E9	15.994580965377196
2.458924892E9	52.300799378679876
2.467000179E9	56.36880054437643
2.475075466E9	58.40688794287484
2.483150753E9	58.66435686922034
2.49122604E9	59.63671624896184
2.4973475915E9	58.07027129073788
2.501385235E9	54.45253988095138
2.507376614E9	59.22622321836181
2.515451901E9	59.57442262940948
2.523527188E9	59.56172315679985
2.531602475E9	59.85495333882897
2.539677762E9	59.40990204801332
2.547753049E9	58.30031794813374
2.555828336E9	58.891958021787225
2.563903623E9	58.66066573168351
2.57197891E9	59.483752793114604
2.580054197E9	59.7846261851621
2.588129484E9	58.65851112290189
2.596204771E9	59.802839548406126
2.604280058E9	59.605482620031445
2.612355345E9	59.76056297810685
2.620430632E9	57.786347028745624
2.628505919E9	57.75746623664237
2.636581206E9	59.59936094048461
2.644656493E9	58.73670496492342
2.65273178E9	59.050666442712874
2.660807067E9	52.41694018170448
2.668882354E9	53.10226272468716
2.676957641E9	57.71718306573268
2.685032928E9	59.47765465254892
2.693108215E9	57.502017976457424
2.701183502E9	58.45003146426066
2.709258789E9	56.80482841537377
2.717334076E9	58.69801805255869
2.725409363E9	59.845484283572816
2.73348465E9	58.856480708875175
2.741559937E9	59.547541598385486
2.749635224E9	59.66885567289766
2.757710511E9	59.05854908587004
2.765785798E9	59.75241610911649
2.773861085E9	57.441470297304164
2.781936372E9	58.02056957829224
2.790011659E9	59.22474786277721
2.798086946E9	58.91880157978868
2.806162233E9	59.13580181593453
2.81423752E9	57.85006749526138
2.822312807E9	53.46018118952563
2.830388094E9	35.330008134274564
2.838463381E9	58.30272587536317
2.8426653325E9	55.995282328011896
2.846702976E9	58.9044014783112
2.854613955E9	59.108503241011164
2.862689242E9	59.79972230413287
2.870764529E9	59.82436730658928
2.878839816E9	59.64181480125922
2.886915103E9	59.85227997405422
2.89499039E9	59.79384626699064
2.903065677E9	59.54626257930818
2.911140964E9	59.1844748778553
2.919216251E9	59.7090948876915
2.927291538E9	51.8015879057394
2.935366825E9	59.00151784027521
2.943442112E9	54.39212609680937
2.951517399E9	58.54001139170764
2.959592686E9	58.867927251642854
2.967667973E9	53.80747907102028
2.97574326E9	58.50115121857011
2.983818547E9	56.47111410926679
2.991893834E9	53.28761449168864
2.999969121E9	35.42039911198303
3.008044408E9	56.47981560217535
3.016119695E9	59.22428056548226
3.024194982E9	57.59173107079477
3.032270269E9	58.12103046160654
3.040345556E9	59.24150785591588
3.048420843E9	54.9721567070824
3.05649613E9	54.80318170882805
3.064571417E9	53.980372824131095
3.072646704E9	56.2203155482818
3.080721991E9	58.34364240602581
3.088797278E9	59.11970496786403
3.096872565E9	58.68658996427603
3.104947852E9	58.48823368707209
3.113023139E9	55.10919469314345
3.121098426E9	58.744896784650045
3.129173713E9	59.43673544062161
3.137249E9	58.68782800385548
3.145324287E9	56.98650868245879
3.153399574E9	58.344026557068844
3.161474861E9	58.75278757462863
3.1681298865E9	57.94980341989798
3.172067845E9	59.290192960119626
3.1734881065E9	58.151852038189794
3.1740116785E9	59.50104894170199
3.1748138825E9	6.771537569243587
3.175470902E9	59.2689154816458
3.1760200205E9	40.54057177772116
3.1765554365E9	7.649953568261638
3.1770354245E9	52.84559403930698
3.177455838E9	47.454065168925034
3.1778646145E9	40.24861809717887
3.178247705E9	32.930375985715585
3.178606157E9	20.02941992996512
3.17896084E9	47.133749454111964
3.1793126885E9	52.81126807875496
3.179656525E9	42.42116446726706
3.1799900155E9	2.0851437379503484
3.1803175805E9	36.653248496201556
3.1806404305E9	55.99336174010171
3.1809559535E9	56.83746414898815
3.1812614685E9	4.379667350273883
3.181537678E9	1.1758213243315383
3.1816792185E9	0.6033985038135696
3.181836017E9	2.1743793088171883
3.182117269E9	56.77299240202786
3.1823983625E9	31.044758432379997
3.182675669E9	3.8586909526207513
3.1829486675E9	25.932630490946664
3.183220957E9	10.725670215043218
3.1834915545E9	40.84698935550881
3.1837588085E9	47.07661452600072
3.1840237025E9	30.532971455168575
3.1842871775E9	40.39668687827243
3.184545078E9	42.90790835461167
3.1847976435E9	0.3041721941691478
3.185046362E9	37.24970063739884
3.1852912655E9	2.4871808857314246
3.18553414E9	2.511523212272554
3.1857748175E9	58.91788248698754
3.1860135575E9	44.40295723230846
3.186250768E9	5.409703375554878
3.1864874145E9	46.29811411184449
3.1867227375E9	39.63341989347201
3.186955448E9	47.96578700654846
3.1871863245E9	45.829568969475375
3.1874168055E9	6.254492598421619
3.1876427715E9	2.932361757294274
3.18786419E9	1.6264418479940688
3.1880825785E9	50.15270250048008
3.1882978075E9	48.634726943010314
3.188511592E9	37.85680339185691
3.1887239645E9	2.2523123993232494
3.1889354345E9	52.33591391519976
3.1891432085E9	28.699499693029512
3.189345551E9	49.06074479404633
3.189544839E9	49.623466692484
3.1896912575E9	28.49754381225964
3.189789675E9	40.2901778251615
3.1899392635E9	43.38526184577564
3.1901350385E9	49.86348965762161
3.190326336E9	7.385769738283854
3.190512848E9	53.667261835232864
3.1906982565E9	37.484316741073634
3.1908835515E9	51.252122584219286
3.191068068E9	44.35544445986313
3.191251805E9	49.8140116785352
3.191435117E9	37.6686671771719
3.191617687E9	21.057634054092066
3.191799391E9	51.08828577297049
3.1919805195E9	15.977844378379615
3.192161062E9	33.772671174913995
3.1923398975E9	39.92414520400868
3.192517114E9	57.373293233082705
3.1926935375E9	35.59995047470522
3.192869507E9	51.313562432380394
3.193043922E9	42.52555481531323
3.193216552E9	29.678212334461158
3.193388404E9	58.81968346182982
3.193559577E9	44.05765345209331
3.193730342E9	4.229554223533306
3.19390025E9	3.282683209824234
3.1940691895E9	59.94987256195569
3.1942363685E9	33.89244120625633
3.1944011295E9	35.043855908344916
3.1945644185E9	46.670805727108124
3.1947263565E9	42.017261490820864
3.194887195E9	35.057829854640325
3.1950469355E9	41.30044975617152
3.1952055835E9	0.4932367415830803
3.1953629295E9	55.121806611686246
3.195518933E9	59.94309964540461
3.195674204E9	0.18644130257001615
3.1958285195E9	53.12015692576213
3.195980281E9	0.39694378359677573
3.196129469E9	0.9309695470684022
3.196277922E9	52.858612378410946
3.1964257945E9	37.137554429454525
3.1965720105E9	36.276856990081384
3.196716822E9	50.44280039566408
3.1968612635E9	0.3018369290344566
3.197005063E9	48.11280901012951
3.1971483405E9	0.2525682423279277
3.197291148E9	36.4621549926715
3.197433517E9	53.362875640546115
3.1975734315E9	48.834183906804626
3.197711009E9	48.50743090245968
3.197796719E9	33.7351710573023
3.1978650525E9	36.34868920124038
3.197984773E9	49.40199370904135
3.1981213715E9	29.941524443818317
3.1982576905E9	2.3483807065684434
3.1983937075E9	38.87995654589765
3.1985295315E9	3.280293473089289
3.198664625E9	9.82418239944638
3.1987978745E9	0.26261360900731817
3.1989298175E9	37.96922241517281
3.1990612455E9	0.1997559621056833
3.199191894E9	47.01311932395151
3.199321919E9	0.12676422341262658
3.1994509465E9	44.806437677899325
3.1995793425E9	43.93762185964569
3.1997075765E9	16.308143749459397
3.1998355765E9	50.03737410525237
3.199962918E9	57.18184105064104
3.200089552E9	1.5970814730762948
3.2002154545E9	30.824391853401842
3.200340486E9	47.11447938256007
3.200464316E9	57.29454914820843
3.2005863525E9	4.850919395691113
3.200707608E9	1.8065380812444616
3.200828748E9	46.6475387390282
3.200949698E9	2.8523744833105584
3.2010701855E9	36.78039822042374
3.2011901215E9	47.39345386575584
3.2013084605E9	0.09268704893571668
3.2014243635E9	0.712083234792728
3.2015392575E9	56.54588194188326
3.2016540245E9	56.83380064699532
3.201768591E9	0.45727541285774775
3.201882557E9	0.4964149226035855
3.201995324E9	35.27633372433633
3.2021073685E9	46.566263947626915
3.2022187295E9	1.3757498088458597
3.202329297E9	0.3541007244236749
3.2024392245E9	0.7849113310101535
3.2025481105E9	0.1004013619660747
3.2026560515E9	0.7457885399405897
3.202762822E9	0.484997190178739
3.202868604E9	0.6042995098198868
3.2029739025E9	52.158806172946406
3.203078168E9	0.8663343990197542
3.2031815575E9	45.045793934332785
3.2032846915E9	0.8282430856903084
3.2033872495E9	0.17129543607718523
3.203488911E9	0.485616155226498
3.2035896575E9	33.669229914958485
3.203689109E9	38.517188734397216
3.2037875715E9	0.5412138424377685
3.203885876E9	54.332221900295046
3.203984156E9	34.49561736429633
3.204082145E9	0.4155052882437516
3.2041798515E9	32.05061321979921
3.204277512E9	0.4576964898201973
3.2043751115E9	0.20199659733459277
3.2044726615E9	0.5232202123046729
3.204569983E9	39.89408969973394
3.204667091E9	55.73333500428878
3.2047639965E9	1.2681238618957034
3.204860687E9	54.078136386879095
3.2049571235E9	59.721712745444854
3.2050531195E9	50.25271404267334
3.2051479755E9	0.554377836892839
3.2052414185E9	1.9509792537187802
3.2053341135E9	9.820062617049828
3.2054263385E9	0.2784735508225223
3.2055178495E9	42.17584301459789
3.2056087695E9	46.87117987011494
3.205699163E9	0.09298758202551514
3.20578883E9	0.24939900041911714
3.2058612315E9	0.010555790359819139
3.2059051635E9	0.0
3.205965245E9	0.8998319430849128
3.2060529375E9	58.6199635836368
3.2061403585E9	1.9827301378247473
3.206227418E9	0.2237698008819009
3.206314335E9	34.63820079322399
3.206400873E9	0.7944142091520523
3.206487048E9	51.672514629431284
3.206572862E9	0.27693690763496326
3.2066580255E9	43.51971234816697
3.2067428455E9	0.5328632561772957
3.206827484E9	2.282685566520913
3.2069119045E9	0.4542369951300435
3.206995909E9	21.767408562956398
3.2070793735E9	0.11212777118239534
3.2071625415E9	8.105741963650093
3.207245588E9	0.3459118449648427
3.20732825E9	0.13443964762900273
3.2074104625E9	0.016335589243926342
3.2074925775E9	1.0784076579883004
3.207574069E9	0.3664595241389533
3.2076547585E9	0.04479611520561308
3.207735146E9	0.8186359235521751
3.207815336E9	6.929183113668294
3.2078951965E9	0.01450768491208342
3.2079743615E9	0.09832945032489131
3.208052993E9	0.4086332443394676
3.208131255E9	0.11870238913125994
3.2082091265E9	12.075493505982024
3.2082867815E9	42.21357704802217
3.2083643015E9	43.500048608185615
3.208441776E9	0.0
3.208519186E9	1.1148840430972873
3.2085964425E9	1.2092946989829707
3.2086735805E9	3.0435690114279375
3.208750698E9	0.8356618636468466
3.208827674E9	1.6483465102552712
3.2089044735E9	0.074212986298859
3.2089809915E9	0.08190595275345204
3.209057131E9	0.6406482562527945
3.2091331215E9	0.5533980561732689
3.2092089255E9	47.23668134982299
3.209284362E9	28.16932910531599
3.2093592885E9	0.7949184554635863
3.2094338725E9	52.58305691408118
3.2095082155E9	0.20051890672612796
3.2095822485E9	0.21166606690314485
3.2096561805E9	21.19987024964135
3.2097298765E9	30.375080399078588
3.209803229E9	48.42451543173719
3.2098763675E9	56.25358580999216
3.2099493965E9	1.2945835661195306
3.2100223015E9	1.0645611321368724
3.210094954E9	0.49798324789121584
3.210167273E9	0.31860891668128766
3.210239402E9	2.7905011753734654
3.210311509E9	2.126520834552101
3.210383396E9	9.923557607191801
3.2104549245E9	0.06406593080625712
3.2105260795E9	2.4234484099857916
3.210596945E9	0.5171921248695753
3.210667676E9	0.025932714404484306
3.2107382735E9	0.02763271625904471
3.210808794E9	2.393260606105598
3.210879096E9	0.3326062687938233
3.210948993E9	0.19515891265676363
3.2110182425E9	48.8449884500268
3.2110869795E9	0.15241611297064162
3.2111554945E9	0.4961849967838419
3.211223724E9	0.7221688138639971
3.2112917695E9	0.37860132491547627
3.211359542E9	1.8175615896896418
3.2114270485E9	0.065198489088762
3.2114944325E9	56.17726882416701
3.211561693E9	0.9717746051329389
3.211628757E9	0.44789247941035487
3.2116956265E9	0.7222282688180455
3.2117623715E9	0.12818321082375356
3.2118289985E9	1.314612836979618
3.211895473E9	1.4802122495579124
3.2119618155E9	2.8446599480970076
3.2120281205E9	1.0613150005995444
3.212094415E9	0.7706623351816583
3.2121606355E9	42.309288140861
3.2122267675E9	0.6989492784455673
3.2122928425E9	0.4539139627056558
3.2123588615E9	49.21304689698337
3.2124248115E9	0.02614325755275453
3.212490641E9	36.34351118679037
3.2125563325E9	28.26156848277911
3.212621794E9	56.3032168559785
3.212686989E9	0.30074338225209163
3.2127520145E9	1.9925261326918342
3.212816919E9	0.012338592578001054
3.2128817535E9	0.012113078802402956
3.212946552E9	0.010719225554838408
3.2130112375E9	0.1403822826686271
3.213075758E9	0.05454795787856573
3.213140158E9	0.0
3.2132044755E9	0.28985407561531257
3.213268751E9	0.14468363646505855
3.2133330025E9	0.01568547605769013
3.21339719E9	0.05451168538535428
3.2134613275E9	0.42388582689741766
3.21352527E9	0.009532894140058056
3.213588991E9	36.388872508108484
3.2136526805E9	0.027460847559257855
3.21371636E9	2.233213070662948
3.2137799535E9	0.11724522577861564
3.2138434375E9	0.18117972195647647
3.213906863E9	0.299466951823902
3.2139513945E9	0.0
3.2139830635E9	0.0
3.214033564E9	0.07310159829521204
3.2140968225E9	0.21870590169120407
3.214159961E9	0.43154098983351413
3.2142226235E9	0.8288422635431838
3.214284839E9	44.579304586711196
3.214347023E9	0.8495180584759744
3.214409185E9	0.4690564983482929
3.214471319E9	0.13671705698578382
3.2145333785E9	0.7051698033597099
3.214595351E9	0.39113043601821657
3.2146572955E9	0.5833140219154521
3.2147192005E9	1.078172281974408
3.2147810525E9	0.0537423744167284
3.214842869E9	0.05521777624124202
3.2149046065E9	0.20651168896178995
3.214966257E9	44.64608446481036
3.2150278735E9	0.44780872518086323
3.215089448E9	2.1259456509851145
3.215150984E9	0.17232441756623512
3.2152125075E9	0.19432849426215823
3.2152739725E9	59.92819605088675
3.2153353225E9	0.8363802242295229
3.215396567E9	0.0
3.2154577655E9	0.06747605503900733
3.215518877E9	1.5396900635835176
3.2155798935E9	40.305430964440944
3.2156408825E9	0.9422006289956054
3.2157018335E9	0.30462476686009277
3.215762741E9	37.577006337533064
3.2158236305E9	45.84878144405018
3.21588441E9	0.099158391703634
3.2159449285E9	0.023604655862264075
3.216005285E9	32.606797779549666
3.2160654585E9	58.84834182870807
3.2161254505E9	0.16052692006322156
3.216185333E9	0.27044576078198806
3.216245108E9	2.336675625498059
3.216304758E9	0.9598152667043277
3.2163642685E9	0.04784582224790083
3.216423709E9	23.495704404310544
3.216483047E9	0.8468206687625363
3.2165422975E9	0.7131728516125618
3.2166013525E9	29.370082907038277
3.2166602405E9	0.23659310242868759
3.216719117E9	0.12731557375580888
3.2167779675E9	6.821873581591775
3.216836797E9	0.8854390202797595
3.2168953E9	0.3115332622819014
3.2169533895E9	0.4514845197482575
3.21701128E9	0.12879530820735516
3.217068761E9	0.8939067318416043
3.217125913E9	48.79223358144058
3.2171830165E9	0.23109233413119037
3.2172400595E9	56.21917793892065
3.2172969925E9	0.15017673676522736
3.217353727E9	0.5855256150491888
3.217410274E9	0.3501103772733539
3.2174667205E9	1.1780441624556433
3.217523067E9	0.7914513690425687
3.2175793305E9	0.6987217228688576
3.2176355615E9	0.8708822564532183
3.217691763E9	0.6920310020521839
3.2177478615E9	0.8183819986455739
3.2178037785E9	0.10112991239085851
3.2178595005E9	38.11912307323046
3.217915123E9	0.5061651808229318
3.2179706405E9	0.2564544277320408
3.218026057E9	0.30592939255308527
3.21808144E9	20.579435841042297
3.2181367755E9	1.450021379395626
3.218192006E9	0.8594345466647786
3.2182471445E9	0.28901229172065707
3.2183022115E9	30.24272322177114
3.2183572075E9	0.7058028860718514
3.2184121955E9	0.6242249450725161
3.218467178E9	0.5782662148936439
3.218522053E9	0.5384990106432596
3.2185767605E9	0.5469916858477755
3.2186313925E9	0.7799750880525163
3.218686003E9	0.19299938379619178
3.218740586E9	0.8602667629935409
3.2187950085E9	0.8422171621065455
3.21884925E9	36.90131773763696
3.218903405E9	0.9635692200688761
3.2189574945E9	37.291917058603566
3.219011546E9	0.26403489675821284
3.219065573E9	0.8019511392901246
3.2191195865E9	0.4727844820354494
3.219173563E9	0.49138881144599394
3.2192274625E9	0.49932133519113836
3.219281299E9	0.8370367977683966
3.2193350935E9	0.6675341387340856
3.219388776E9	0.37693665028648493
3.2194423385E9	0.9166071852512035
3.2194958255E9	0.5936943384614091
3.219549257E9	27.424786995123377
3.219602665E9	0.20319610569886024
3.219655949E9	1.0817182443271343
3.2197090965E9	0.005801391275258019
3.2197622025E9	0.9830317600357547
3.2198152555E9	0.7015950808425753
3.219868268E9	0.3391227924177504
3.2199212585E9	0.4749049311501061
3.2199740945E9	0.9057880554044254
3.2200267065E9	0.2144974215691347
3.220079161E9	0.1939368865435356
3.2201315405E9	0.7588140251202794
3.2201838615E9	0.6073415181285008
3.2202360435E9	0.9808405280326721
3.220288138E9	1.548082349209749
3.220340224E9	0.45922633465497387
3.2203922815E9	0.4726586415810467
3.2204442895E9	0.7544195115776354
3.2204962255E9	0.9299604022448223
3.2205480395E9	0.1774802836644275
3.2205996745E9	38.09208936681882
3.2206511855E9	48.95265054195709
3.2207026695E9	0.5215983870634696
3.2207540625E9	0.5480876624586419
3.2208052375E9	0.8202802619801063
3.2208561465E9	0.4697279815646603
3.2209068795E9	0.9351869334585635
3.2209575055E9	0.06291660776043062
3.221008001E9	0.704313071922258
3.221058408E9	0.0066183907577090076
3.221108656E9	0.12762389879678898
3.221158757E9	0.009779636503402793
3.2212087195E9	0.0
3.221258506E9	0.29201609725896327
3.221308246E9	0.9281388521583511
3.221357982E9	0.22350271758344173
3.221407669E9	0.3389303081963092
3.221457209E9	0.7495971701309175
3.22150656E9	0.6428578886807543
3.2215557965E9	0.2930824232041307
3.221604904E9	0.8133042214754401
3.221653849E9	0.05973046570284268
3.221702673E9	38.52516728973682
3.2217513865E9	0.8683596117575753
3.221799768E9	0.17327234737097078
3.221847773E9	1.0713054637660493
3.221895595E9	0.10721245571870426
3.2219433175E9	0.46929775168376187
3.2219910055E9	0.480475421231435
3.2220271755E9	0.707157536257413
3.222051001E9	0.4914484155693821
3.222086305E9	0.0
3.2221338985E9	1.5107197771386192
3.222181402E9	0.9793607135319903
3.222228805E9	0.4125286765765143
3.222276033E9	1.4481395213899089
3.2223230385E9	0.7237437155219478
3.22236993E9	0.022863775970609262
3.2224168E9	0.19764541274947728
3.2224636615E9	0.7785695571106244
3.222510422E9	0.7732770434455191
3.222557055E9	50.22858067525248
3.2226036465E9	26.338252890273733
3.2226502145E9	0.03708646321577938
3.2226966695E9	0.042587737694032686
3.222743014E9	0.45284613916083666
3.2227892775E9	0.24270189401418613
3.222835449E9	0.19416201050991538
3.2228815915E9	0.5953487142739672
3.2229277235E9	0.8903099850705395
3.222973722E9	0.5468979510543481
3.2230195385E9	0.16419257974211976
3.223065163E9	6.119092404758366
3.2231106295E9	0.769810574391921
3.2231560715E9	0.7091609858971724
3.2232014465E9	0.11581684505499656
3.2232467525E9	34.04254632521341
3.2232918385E9	0.7286076737473307
3.223336693E9	0.7273428021569451
3.223381449E9	0.4803987449668578
3.2234259595E9	0.11366980248785055
3.22347023E9	3.4506441894750335
3.2235143955E9	0.596386916066264
3.223558514E9	0.6598448677886521
3.2236025665E9	3.2439383597216245
3.2236465385E9	0.23261371658281227
3.2236904635E9	0.24656730770920168
3.2237343635E9	0.7668455939818671
3.2237782425E9	0.8303399157960558
3.2238221015E9	0.9033305424010812
3.223865952E9	4.1224058821853005
3.2239097295E9	0.8909808965040212
3.223953359E9	0.35156964004536595
3.223996886E9	0.6172197301405574
3.2240403535E9	0.021947235120805618
3.2240837535E9	1.0763805917976224
3.22412706E9	59.93434615175349
3.2241702315E9	59.32337854601814
3.22421329E9	1.0372236148428706
3.2242562525E9	3.8343512417638115
3.224299151E9	0.5098625639884264
3.224341965E9	0.5420174334880818
3.224384672E9	0.7944666814168192
3.224427343E9	0.1677625607209278
3.224470002E9	0.24081863422712133
3.2245126475E9	0.9698562940444936
3.224555265E9	0.9206410234004998
3.2245978395E9	38.70519491597714
3.2246403635E9	0.4229387470802292
3.22468285E9	0.12340392092913058
3.2247253175E9	0.7444500698462851
3.2247677705E9	0.6820680136826972
3.2248101125E9	0.3406420743251983
3.2248523395E9	1.0586646899984116
3.2248945465E9	4.266742081877383
3.224936688E9	0.8033789043754599
3.2249787385E9	0.31804244092592737
3.225020732E9	0.4731467698526649
3.225062622E9	0.4444544936434014
3.225104428E9	0.0
3.22514619E9	0.25423835743047263
3.225187812E9	39.84344413034227
3.225229333E9	1.0733458550161483
3.2252708455E9	0.033347128563429654
3.225312324E9	11.347564021113282
3.225353732E9	0.4388172922708053
3.2253950755E9	0.02184897021555649
3.225436393E9	1.2879410514382883
3.225477629E9	0.05335373420029824
3.225518768E9	0.21884248017987568
3.2255598535E9	0.789930255214925
3.225600823E9	0.4211555930863362
3.225641663E9	0.549695216195084
3.2256824465E9	52.026831818651246
3.2257230875E9	0.10831766808801437
3.225763575E9	0.7347827367150291
3.2258039925E9	0.5516121854247821
3.225844327E9	0.689093171499471
3.22588454E9	0.17245404073916717
3.225924636E9	18.46734693877551
3.2259645635E9	4.095907124074537E-4
3.226004348E9	0.35679548331644517
3.2260441095E9	0.41756326242254654
3.226083823E9	0.16858256643462144
3.2261234975E9	0.9325517436566337
3.22616312E9	0.7039974519664269
3.2262026755E9	0.028413454741371077
3.226242061E9	1.2069944450142516
3.2262812475E9	0.3063256327566986
3.226320373E9	0.8977830688639183
3.22635947E9	0.15056616661850092
3.2263984775E9	0.8444373447062394
3.226437362E9	0.6164923633491713
3.2264761645E9	0.2338638747308959
3.226514875E9	0.8334470946620657
3.2265534425E9	2.154406295213469
3.226591873E9	43.36356539035306
3.226630109E9	0.12063763381267684
3.2266682075E9	0.49549691824586695
3.226706247E9	0.6553740065323733
3.226744227E9	2.6068424269521953
3.2267821865E9	47.62510619615356
3.226820037E9	45.232243095295
3.226857789E9	0.8222781298438601
3.2268955155E9	0.3910262059513763
3.2269332065E9	0.6529631662067917
3.226970767E9	0.7120639304912537
3.227008199E9	13.465044912894372
3.2270456165E9	52.37719399442952
3.227082939E9	0.6462239115897652
3.2271201435E9	0.823545450157395
3.227157136E9	0.01191287334389113
3.227193803E9	58.61236687848201
3.2272302875E9	0.813365890602353
3.227266694E9	0.8707498793161552
3.2273029215E9	0.4651497991603999
3.2273389185E9	1.0847516331151998
3.227374809E9	0.1950264589196912
3.227410616E9	0.5172706557257876
3.2274463245E9	0.7906829429720145
3.2274819935E9	0.8542892096892586
3.227517651E9	0.09796231135209924
3.227553278E9	0.8297853647653899
3.227588883E9	0.30038523575561155
3.2276244015E9	0.6437659788119088
3.227659535E9	0.2611708710580922
3.2276943215E9	0.2540220470982511
3.2277290205E9	21.262601232926386
3.2277636445E9	0.9988485280151946
3.2277981575E9	0.4324697566775572
3.2278325835E9	0.7276086532430416
3.227866991E9	0.7922410207299496
3.2279013695E9	0.2873995798277581
3.227935701E9	0.4626363221643184
3.227969981E9	18.64727351483163
3.228004078E9	0.7545807748713707
3.228038016E9	0.0
3.228071843E9	0.10871866492435997
3.2281054825E9	0.9209698424633427
3.22813903E9	0.12940239356704317
3.228172349E9	23.14200173686496
3.2282052045E9	0.015390028974222675
3.228237645E9	0.5057909352937366
3.228269887E9	0.0
3.2283020965E9	0.41970761457741634
3.2283342895E9	3.374384714441309
3.2283664E9	0.7109118027773398
3.228398382E9	1.2683018459442077
3.228430279E9	0.04827352208185687
3.228462138E9	0.35300100955752484
3.228493839E9	1.595007442761619
3.2285253695E9	27.126954176677934
3.2285568585E9	0.42075147946522773
3.228588257E9	36.24845058415081
3.228619503E9	0.6152384227969395
3.2286504485E9	0.3424597335593252
3.2286811675E9	1.6074073119748
3.2287115705E9	0.857977788634723
3.2287416495E9	0.7724622972419565
3.2287716945E9	0.43032936250960074
3.228801687E9	0.2809268479509766
3.228831599E9	1.0213108901116543
3.2288614555E9	0.8325682083425149
3.2288912515E9	57.58894931551222
3.2289209815E9	0.9352248578484866
3.2289505985E9	0.8341502176454006
3.2289800685E9	0.31602832671587505
3.2290094465E9	0.46375157343377943
3.2290387575E9	5.106977500153747
3.2290679465E9	0.5558921466094462
3.2290969375E9	0.5883572900633919
3.2291258165E9	6.985966017887874
3.2291546515E9	1.0559760709376347
3.2291834465E9	10.820108959490803
3.229212155E9	0.520231222321285
3.2292407815E9	0.0
3.229269371E9	2.8604158676418074
3.229297925E9	0.43584156162811405
3.229326313E9	0.2002016863217457
3.2293545265E9	0.23792469494625543
3.229382688E9	0.22338170824244702
3.229410811E9	0.31517886653102767
3.229438703E9	0.437367807116484
3.229466253E9	0.0
3.2294936845E9	1.8866736842105263
3.2295208975E9	51.99175079102004
3.229547866E9	0.5712143016890151
3.229574648E9	1.3904239193464705
3.229601207E9	6.006152057928825
3.2296276905E9	0.5652102531511493
3.229654092E9	0.6007180151740038
3.2296803515E9	0.8285543173007665
3.2297062705E9	0.0
3.229731907E9	0.08355351496513189
3.229757419E9	0.0
3.2297826615E9	0.6163712367275005
3.229807215E9	0.04226804740095902
3.2298311935E9	0.7065677033636021
3.22985494E9	13.180514866296827
3.2298778075E9	0.8136319981921926
3.229899501E9	14.710110839972952
3.2299204005E9	0.0
3.229940963E9	59.93823716613888
3.22996149E9	9.888068542314988
3.22998165E9	1.0422691330132732
3.230001425E9	0.9824816628046762
3.230020672E9	0.0
3.230039025E9	0.9988063122209755
3.230056608E9	5.86942474358422
3.2300729675E9	8.701081496365463
3.2300882255E9	7.8597930788440955
3.2301002255E9	0.0
3.230108699E9	3.208697396982908
3.2301131725E9	39.10756972111554
3.2301141725E9	0.0
